# Data generated: 02-Jan-2012 11:58:29

data; 

param N := 175.000000000000;
param M :=   5.000000000000;
param nBus :=  50.000000000000;
param nT := 120.000000000000;
param beta :=   0.975000000000;
param inithetaCost :=   5.000000000000;
param iniRC :=   8.000000000000;
param iniEV :=   0.000000000000;
param xt : 
	1		2		3		4		5		6		7		8		9		10		11		12		13		14		15		16		17		18		19		20		21		22		23		24		25		26		27		28		29		30		31		32		33		34		35		36		37		38		39		40		41		42		43		44		45		46		47		48		49		50	 := 
1	1.0000	1.0000	1.0000	1.0000	1.0000	1.0000	1.0000	1.0000	1.0000	1.0000	1.0000	1.0000	1.0000	1.0000	1.0000	1.0000	1.0000	1.0000	1.0000	1.0000	1.0000	1.0000	1.0000	1.0000	1.0000	1.0000	1.0000	1.0000	1.0000	1.0000	1.0000	1.0000	1.0000	1.0000	1.0000	1.0000	1.0000	1.0000	1.0000	1.0000	1.0000	1.0000	1.0000	1.0000	1.0000	1.0000	1.0000	1.0000	1.0000	1.0000	
2	3.0000	3.0000	3.0000	3.0000	2.0000	3.0000	3.0000	3.0000	3.0000	3.0000	2.0000	2.0000	2.0000	3.0000	1.0000	3.0000	3.0000	3.0000	2.0000	3.0000	2.0000	2.0000	3.0000	3.0000	3.0000	3.0000	2.0000	3.0000	4.0000	2.0000	3.0000	3.0000	1.0000	2.0000	1.0000	3.0000	2.0000	3.0000	2.0000	3.0000	1.0000	1.0000	3.0000	2.0000	3.0000	2.0000	2.0000	3.0000	2.0000	2.0000	
3	4.0000	5.0000	3.0000	4.0000	4.0000	5.0000	5.0000	4.0000	5.0000	5.0000	4.0000	3.0000	3.0000	5.0000	2.0000	5.0000	5.0000	5.0000	3.0000	6.0000	4.0000	3.0000	4.0000	4.0000	5.0000	4.0000	3.0000	4.0000	5.0000	3.0000	4.0000	5.0000	3.0000	3.0000	2.0000	5.0000	3.0000	4.0000	2.0000	4.0000	2.0000	1.0000	3.0000	3.0000	4.0000	3.0000	5.0000	3.0000	3.0000	3.0000	
4	6.0000	6.0000	4.0000	5.0000	6.0000	7.0000	6.0000	6.0000	6.0000	5.0000	6.0000	3.0000	4.0000	6.0000	3.0000	7.0000	6.0000	7.0000	5.0000	7.0000	4.0000	4.0000	5.0000	6.0000	5.0000	6.0000	5.0000	6.0000	7.0000	5.0000	6.0000	7.0000	4.0000	4.0000	3.0000	7.0000	4.0000	6.0000	3.0000	5.0000	3.0000	2.0000	5.0000	4.0000	4.0000	4.0000	7.0000	4.0000	4.0000	4.0000	
5	7.0000	8.0000	5.0000	7.0000	7.0000	8.0000	7.0000	7.0000	7.0000	6.0000	6.0000	4.0000	6.0000	7.0000	5.0000	8.0000	8.0000	8.0000	7.0000	9.0000	5.0000	5.0000	6.0000	8.0000	7.0000	8.0000	6.0000	7.0000	8.0000	6.0000	7.0000	9.0000	6.0000	5.0000	5.0000	8.0000	5.0000	7.0000	5.0000	7.0000	4.0000	4.0000	6.0000	5.0000	6.0000	5.0000	9.0000	5.0000	5.0000	5.0000	
6	9.0000	9.0000	7.0000	8.0000	8.0000	9.0000	8.0000	8.0000	8.0000	7.0000	7.0000	5.0000	7.0000	9.0000	7.0000	9.0000	9.0000	10.0000	7.0000	10.0000	7.0000	6.0000	8.0000	8.0000	9.0000	10.0000	7.0000	8.0000	10.0000	7.0000	8.0000	11.0000	7.0000	7.0000	6.0000	10.0000	6.0000	9.0000	7.0000	8.0000	5.0000	5.0000	7.0000	7.0000	8.0000	5.0000	10.0000	7.0000	6.0000	5.0000	
7	10.0000	11.0000	8.0000	8.0000	9.0000	11.0000	9.0000	10.0000	10.0000	9.0000	8.0000	7.0000	9.0000	10.0000	9.0000	9.0000	9.0000	11.0000	8.0000	12.0000	9.0000	9.0000	10.0000	8.0000	10.0000	12.0000	8.0000	9.0000	12.0000	7.0000	9.0000	13.0000	8.0000	9.0000	7.0000	12.0000	6.0000	10.0000	9.0000	10.0000	7.0000	6.0000	8.0000	8.0000	10.0000	7.0000	12.0000	8.0000	8.0000	5.0000	
8	12.0000	13.0000	10.0000	9.0000	11.0000	13.0000	10.0000	11.0000	12.0000	10.0000	9.0000	8.0000	11.0000	12.0000	10.0000	11.0000	10.0000	13.0000	10.0000	14.0000	10.0000	11.0000	12.0000	9.0000	10.0000	12.0000	9.0000	10.0000	13.0000	9.0000	11.0000	14.0000	9.0000	11.0000	9.0000	14.0000	8.0000	12.0000	11.0000	12.0000	9.0000	8.0000	9.0000	9.0000	12.0000	9.0000	13.0000	10.0000	10.0000	8.0000	
9	13.0000	15.0000	11.0000	10.0000	13.0000	14.0000	12.0000	13.0000	14.0000	11.0000	10.0000	8.0000	13.0000	14.0000	12.0000	13.0000	11.0000	13.0000	12.0000	15.0000	12.0000	11.0000	13.0000	11.0000	10.0000	12.0000	10.0000	12.0000	14.0000	10.0000	12.0000	15.0000	10.0000	13.0000	10.0000	16.0000	9.0000	14.0000	11.0000	14.0000	11.0000	10.0000	11.0000	10.0000	14.0000	9.0000	14.0000	12.0000	11.0000	10.0000	
10	14.0000	16.0000	13.0000	11.0000	14.0000	15.0000	13.0000	15.0000	16.0000	13.0000	12.0000	9.0000	15.0000	15.0000	14.0000	14.0000	13.0000	14.0000	13.0000	17.0000	14.0000	12.0000	15.0000	13.0000	11.0000	13.0000	10.0000	14.0000	14.0000	12.0000	14.0000	16.0000	12.0000	15.0000	12.0000	18.0000	11.0000	16.0000	12.0000	16.0000	13.0000	11.0000	13.0000	10.0000	14.0000	11.0000	16.0000	12.0000	13.0000	10.0000	
11	16.0000	18.0000	14.0000	13.0000	16.0000	16.0000	15.0000	17.0000	18.0000	14.0000	13.0000	10.0000	17.0000	17.0000	14.0000	15.0000	15.0000	15.0000	15.0000	18.0000	16.0000	13.0000	17.0000	14.0000	11.0000	15.0000	13.0000	15.0000	16.0000	13.0000	16.0000	17.0000	14.0000	16.0000	13.0000	19.0000	12.0000	18.0000	13.0000	18.0000	15.0000	11.0000	14.0000	12.0000	16.0000	13.0000	18.0000	13.0000	15.0000	12.0000	
12	16.0000	20.0000	14.0000	14.0000	18.0000	18.0000	16.0000	18.0000	19.0000	15.0000	15.0000	11.0000	19.0000	18.0000	15.0000	17.0000	16.0000	17.0000	15.0000	20.0000	18.0000	14.0000	19.0000	16.0000	13.0000	17.0000	13.0000	15.0000	18.0000	14.0000	17.0000	19.0000	15.0000	17.0000	14.0000	21.0000	13.0000	20.0000	13.0000	20.0000	16.0000	12.0000	16.0000	13.0000	18.0000	15.0000	19.0000	14.0000	16.0000	14.0000	
13	17.0000	22.0000	16.0000	16.0000	20.0000	19.0000	17.0000	19.0000	20.0000	16.0000	16.0000	12.0000	21.0000	19.0000	17.0000	19.0000	17.0000	19.0000	16.0000	21.0000	19.0000	16.0000	21.0000	17.0000	14.0000	19.0000	14.0000	15.0000	19.0000	15.0000	18.0000	21.0000	17.0000	19.0000	15.0000	22.0000	15.0000	22.0000	14.0000	22.0000	16.0000	14.0000	17.0000	14.0000	20.0000	16.0000	21.0000	16.0000	18.0000	16.0000	
14	18.0000	24.0000	18.0000	18.0000	21.0000	19.0000	18.0000	21.0000	22.0000	17.0000	17.0000	13.0000	22.0000	20.0000	19.0000	19.0000	18.0000	20.0000	17.0000	22.0000	19.0000	19.0000	23.0000	19.0000	14.0000	21.0000	16.0000	16.0000	19.0000	16.0000	20.0000	23.0000	18.0000	21.0000	17.0000	24.0000	17.0000	24.0000	15.0000	23.0000	17.0000	15.0000	19.0000	15.0000	20.0000	17.0000	22.0000	18.0000	19.0000	18.0000	
15	20.0000	26.0000	20.0000	20.0000	22.0000	19.0000	20.0000	22.0000	23.0000	19.0000	19.0000	14.0000	22.0000	22.0000	21.0000	19.0000	20.0000	20.0000	18.0000	23.0000	20.0000	20.0000	24.0000	21.0000	15.0000	22.0000	16.0000	17.0000	19.0000	17.0000	21.0000	23.0000	20.0000	23.0000	18.0000	24.0000	18.0000	25.0000	15.0000	25.0000	17.0000	17.0000	20.0000	17.0000	21.0000	18.0000	24.0000	19.0000	21.0000	19.0000	
16	22.0000	27.0000	23.0000	22.0000	24.0000	20.0000	22.0000	23.0000	25.0000	20.0000	20.0000	16.0000	24.0000	24.0000	22.0000	20.0000	22.0000	22.0000	19.0000	24.0000	21.0000	21.0000	24.0000	21.0000	17.0000	23.0000	18.0000	19.0000	20.0000	17.0000	22.0000	24.0000	22.0000	24.0000	20.0000	26.0000	20.0000	27.0000	17.0000	27.0000	18.0000	19.0000	21.0000	18.0000	23.0000	20.0000	25.0000	19.0000	22.0000	20.0000	
17	23.0000	29.0000	24.0000	24.0000	25.0000	22.0000	24.0000	24.0000	26.0000	22.0000	22.0000	17.0000	25.0000	26.0000	24.0000	21.0000	23.0000	24.0000	21.0000	26.0000	23.0000	22.0000	26.0000	22.0000	19.0000	24.0000	19.0000	20.0000	20.0000	18.0000	22.0000	26.0000	23.0000	25.0000	22.0000	27.0000	21.0000	29.0000	18.0000	29.0000	19.0000	21.0000	22.0000	19.0000	25.0000	21.0000	26.0000	20.0000	23.0000	22.0000	
18	23.0000	31.0000	26.0000	24.0000	26.0000	22.0000	25.0000	25.0000	28.0000	23.0000	24.0000	19.0000	27.0000	29.0000	25.0000	23.0000	24.0000	25.0000	22.0000	27.0000	24.0000	23.0000	27.0000	23.0000	20.0000	26.0000	21.0000	21.0000	21.0000	20.0000	23.0000	28.0000	25.0000	27.0000	23.0000	28.0000	22.0000	29.0000	20.0000	31.0000	20.0000	22.0000	23.0000	20.0000	27.0000	23.0000	27.0000	20.0000	25.0000	23.0000	
19	24.0000	32.0000	27.0000	25.0000	28.0000	23.0000	26.0000	27.0000	30.0000	25.0000	24.0000	20.0000	28.0000	30.0000	26.0000	24.0000	26.0000	26.0000	23.0000	29.0000	25.0000	26.0000	28.0000	24.0000	22.0000	28.0000	21.0000	23.0000	22.0000	21.0000	25.0000	29.0000	26.0000	29.0000	25.0000	29.0000	23.0000	30.0000	21.0000	32.0000	21.0000	23.0000	24.0000	21.0000	28.0000	25.0000	27.0000	22.0000	27.0000	24.0000	
20	26.0000	34.0000	27.0000	26.0000	30.0000	23.0000	28.0000	29.0000	31.0000	26.0000	25.0000	21.0000	30.0000	31.0000	26.0000	25.0000	28.0000	28.0000	24.0000	30.0000	27.0000	26.0000	30.0000	25.0000	24.0000	29.0000	22.0000	25.0000	24.0000	22.0000	26.0000	29.0000	27.0000	30.0000	26.0000	29.0000	25.0000	32.0000	22.0000	34.0000	21.0000	24.0000	26.0000	23.0000	28.0000	27.0000	28.0000	23.0000	28.0000	26.0000	
21	27.0000	35.0000	28.0000	27.0000	31.0000	25.0000	29.0000	29.0000	32.0000	27.0000	26.0000	22.0000	31.0000	32.0000	27.0000	27.0000	30.0000	30.0000	26.0000	31.0000	28.0000	27.0000	31.0000	26.0000	25.0000	30.0000	24.0000	27.0000	25.0000	22.0000	27.0000	31.0000	28.0000	32.0000	27.0000	31.0000	27.0000	33.0000	23.0000	34.0000	22.0000	26.0000	27.0000	25.0000	30.0000	29.0000	29.0000	24.0000	30.0000	28.0000	
22	28.0000	37.0000	28.0000	28.0000	33.0000	27.0000	31.0000	31.0000	34.0000	29.0000	27.0000	23.0000	32.0000	33.0000	28.0000	28.0000	31.0000	30.0000	28.0000	33.0000	30.0000	29.0000	32.0000	28.0000	26.0000	31.0000	25.0000	29.0000	26.0000	23.0000	28.0000	32.0000	29.0000	34.0000	29.0000	33.0000	29.0000	35.0000	24.0000	35.0000	23.0000	27.0000	29.0000	26.0000	32.0000	30.0000	31.0000	26.0000	32.0000	30.0000	
23	30.0000	38.0000	30.0000	30.0000	35.0000	29.0000	33.0000	32.0000	36.0000	31.0000	29.0000	23.0000	32.0000	33.0000	30.0000	29.0000	33.0000	31.0000	30.0000	35.0000	31.0000	31.0000	33.0000	29.0000	27.0000	31.0000	26.0000	30.0000	28.0000	24.0000	30.0000	33.0000	31.0000	36.0000	31.0000	33.0000	30.0000	37.0000	26.0000	37.0000	24.0000	27.0000	31.0000	29.0000	33.0000	31.0000	32.0000	29.0000	34.0000	31.0000	
24	32.0000	39.0000	32.0000	31.0000	37.0000	30.0000	33.0000	33.0000	37.0000	33.0000	30.0000	24.0000	33.0000	35.0000	32.0000	30.0000	35.0000	33.0000	31.0000	35.0000	32.0000	32.0000	34.0000	29.0000	29.0000	32.0000	28.0000	31.0000	29.0000	25.0000	30.0000	35.0000	32.0000	37.0000	33.0000	34.0000	32.0000	39.0000	27.0000	38.0000	26.0000	28.0000	32.0000	30.0000	34.0000	32.0000	33.0000	30.0000	34.0000	32.0000	
25	34.0000	40.0000	34.0000	31.0000	39.0000	32.0000	35.0000	35.0000	38.0000	34.0000	31.0000	25.0000	34.0000	37.0000	32.0000	31.0000	37.0000	35.0000	33.0000	38.0000	33.0000	34.0000	35.0000	29.0000	31.0000	33.0000	30.0000	32.0000	30.0000	27.0000	32.0000	36.0000	34.0000	38.0000	35.0000	35.0000	34.0000	41.0000	28.0000	39.0000	26.0000	28.0000	34.0000	32.0000	35.0000	33.0000	33.0000	32.0000	36.0000	33.0000	
26	35.0000	41.0000	34.0000	33.0000	40.0000	34.0000	36.0000	36.0000	39.0000	35.0000	32.0000	27.0000	35.0000	39.0000	34.0000	33.0000	39.0000	36.0000	34.0000	40.0000	33.0000	36.0000	36.0000	30.0000	31.0000	34.0000	31.0000	32.0000	32.0000	28.0000	34.0000	37.0000	36.0000	39.0000	35.0000	37.0000	35.0000	43.0000	29.0000	40.0000	27.0000	28.0000	36.0000	35.0000	37.0000	34.0000	34.0000	33.0000	36.0000	33.0000	
27	37.0000	43.0000	36.0000	34.0000	42.0000	35.0000	36.0000	38.0000	39.0000	35.0000	33.0000	29.0000	36.0000	41.0000	36.0000	34.0000	41.0000	37.0000	35.0000	42.0000	34.0000	37.0000	37.0000	32.0000	33.0000	35.0000	33.0000	34.0000	34.0000	30.0000	36.0000	39.0000	37.0000	40.0000	36.0000	39.0000	35.0000	45.0000	30.0000	42.0000	29.0000	29.0000	38.0000	37.0000	39.0000	36.0000	35.0000	34.0000	37.0000	35.0000	
28	38.0000	45.0000	37.0000	36.0000	43.0000	37.0000	37.0000	40.0000	40.0000	37.0000	34.0000	31.0000	37.0000	42.0000	38.0000	35.0000	44.0000	38.0000	36.0000	43.0000	35.0000	37.0000	38.0000	34.0000	34.0000	37.0000	34.0000	35.0000	36.0000	32.0000	38.0000	40.0000	38.0000	41.0000	38.0000	41.0000	37.0000	45.0000	31.0000	43.0000	30.0000	31.0000	40.0000	38.0000	40.0000	37.0000	36.0000	35.0000	39.0000	36.0000	
29	40.0000	45.0000	38.0000	37.0000	44.0000	39.0000	38.0000	42.0000	42.0000	38.0000	36.0000	31.0000	37.0000	43.0000	40.0000	37.0000	45.0000	40.0000	38.0000	43.0000	36.0000	39.0000	40.0000	36.0000	34.0000	38.0000	36.0000	37.0000	38.0000	33.0000	39.0000	40.0000	39.0000	42.0000	39.0000	41.0000	39.0000	47.0000	33.0000	45.0000	31.0000	33.0000	42.0000	39.0000	42.0000	38.0000	36.0000	36.0000	40.0000	36.0000	
30	40.0000	46.0000	39.0000	38.0000	46.0000	41.0000	39.0000	43.0000	44.0000	40.0000	37.0000	34.0000	39.0000	44.0000	41.0000	38.0000	47.0000	42.0000	39.0000	44.0000	37.0000	40.0000	41.0000	37.0000	35.0000	39.0000	37.0000	39.0000	39.0000	34.0000	41.0000	41.0000	40.0000	43.0000	41.0000	43.0000	40.0000	47.0000	33.0000	47.0000	33.0000	35.0000	44.0000	41.0000	44.0000	38.0000	38.0000	38.0000	41.0000	37.0000	
31	42.0000	47.0000	41.0000	40.0000	47.0000	42.0000	40.0000	45.0000	46.0000	42.0000	38.0000	36.0000	40.0000	45.0000	43.0000	38.0000	49.0000	43.0000	41.0000	46.0000	38.0000	41.0000	43.0000	39.0000	36.0000	41.0000	39.0000	41.0000	40.0000	35.0000	42.0000	43.0000	42.0000	45.0000	43.0000	45.0000	42.0000	48.0000	35.0000	49.0000	35.0000	36.0000	45.0000	43.0000	46.0000	39.0000	39.0000	38.0000	43.0000	38.0000	
32	43.0000	49.0000	43.0000	41.0000	49.0000	44.0000	41.0000	47.0000	48.0000	43.0000	40.0000	38.0000	42.0000	46.0000	45.0000	38.0000	51.0000	44.0000	42.0000	48.0000	40.0000	43.0000	45.0000	41.0000	38.0000	43.0000	40.0000	42.0000	41.0000	36.0000	43.0000	44.0000	44.0000	47.0000	44.0000	47.0000	44.0000	50.0000	36.0000	50.0000	36.0000	36.0000	47.0000	44.0000	48.0000	40.0000	41.0000	40.0000	45.0000	39.0000	
33	45.0000	51.0000	46.0000	42.0000	49.0000	44.0000	43.0000	48.0000	50.0000	43.0000	41.0000	39.0000	45.0000	48.0000	46.0000	39.0000	53.0000	46.0000	43.0000	49.0000	42.0000	45.0000	46.0000	43.0000	39.0000	45.0000	42.0000	44.0000	42.0000	37.0000	45.0000	46.0000	46.0000	49.0000	46.0000	49.0000	44.0000	51.0000	37.0000	51.0000	36.0000	38.0000	49.0000	46.0000	50.0000	41.0000	43.0000	40.0000	47.0000	41.0000	
34	47.0000	53.0000	47.0000	44.0000	50.0000	46.0000	45.0000	50.0000	52.0000	45.0000	42.0000	40.0000	46.0000	50.0000	47.0000	40.0000	55.0000	47.0000	44.0000	51.0000	44.0000	47.0000	47.0000	44.0000	40.0000	46.0000	44.0000	45.0000	42.0000	39.0000	46.0000	47.0000	47.0000	50.0000	47.0000	50.0000	46.0000	53.0000	38.0000	53.0000	37.0000	40.0000	51.0000	48.0000	52.0000	42.0000	44.0000	41.0000	48.0000	43.0000	
35	49.0000	54.0000	49.0000	46.0000	50.0000	47.0000	46.0000	52.0000	54.0000	46.0000	43.0000	41.0000	48.0000	51.0000	49.0000	41.0000	57.0000	48.0000	45.0000	53.0000	45.0000	49.0000	48.0000	46.0000	40.0000	47.0000	46.0000	46.0000	42.0000	40.0000	47.0000	49.0000	49.0000	50.0000	48.0000	52.0000	47.0000	54.0000	39.0000	55.0000	39.0000	41.0000	52.0000	49.0000	53.0000	43.0000	45.0000	41.0000	50.0000	45.0000	
36	51.0000	56.0000	51.0000	46.0000	52.0000	48.0000	47.0000	54.0000	55.0000	48.0000	45.0000	43.0000	50.0000	53.0000	50.0000	42.0000	58.0000	49.0000	46.0000	54.0000	47.0000	51.0000	49.0000	48.0000	42.0000	48.0000	47.0000	47.0000	44.0000	41.0000	48.0000	50.0000	51.0000	52.0000	50.0000	54.0000	49.0000	56.0000	40.0000	56.0000	39.0000	43.0000	52.0000	50.0000	55.0000	45.0000	45.0000	41.0000	51.0000	46.0000	
37	52.0000	57.0000	53.0000	47.0000	53.0000	49.0000	49.0000	56.0000	56.0000	49.0000	47.0000	45.0000	52.0000	54.0000	52.0000	44.0000	60.0000	49.0000	46.0000	55.0000	49.0000	53.0000	51.0000	50.0000	43.0000	49.0000	49.0000	48.0000	45.0000	42.0000	49.0000	51.0000	53.0000	53.0000	51.0000	55.0000	51.0000	58.0000	41.0000	56.0000	40.0000	44.0000	53.0000	51.0000	57.0000	46.0000	47.0000	43.0000	53.0000	48.0000	
38	53.0000	58.0000	54.0000	49.0000	55.0000	50.0000	50.0000	58.0000	56.0000	51.0000	48.0000	47.0000	52.0000	56.0000	53.0000	46.0000	61.0000	51.0000	47.0000	56.0000	50.0000	55.0000	53.0000	52.0000	44.0000	51.0000	49.0000	49.0000	47.0000	43.0000	50.0000	52.0000	54.0000	54.0000	52.0000	57.0000	52.0000	59.0000	42.0000	58.0000	42.0000	45.0000	55.0000	53.0000	58.0000	46.0000	47.0000	44.0000	54.0000	50.0000	
39	54.0000	58.0000	56.0000	50.0000	56.0000	52.0000	51.0000	61.0000	58.0000	52.0000	50.0000	48.0000	54.0000	58.0000	55.0000	47.0000	62.0000	52.0000	48.0000	57.0000	50.0000	57.0000	55.0000	53.0000	44.0000	53.0000	50.0000	51.0000	48.0000	45.0000	52.0000	53.0000	55.0000	55.0000	53.0000	59.0000	54.0000	61.0000	44.0000	59.0000	43.0000	46.0000	57.0000	55.0000	59.0000	47.0000	48.0000	45.0000	56.0000	52.0000	
40	55.0000	59.0000	58.0000	50.0000	57.0000	54.0000	53.0000	63.0000	59.0000	53.0000	51.0000	50.0000	54.0000	59.0000	56.0000	48.0000	63.0000	54.0000	48.0000	58.0000	51.0000	59.0000	55.0000	54.0000	46.0000	54.0000	52.0000	53.0000	49.0000	47.0000	54.0000	54.0000	56.0000	57.0000	55.0000	61.0000	56.0000	63.0000	45.0000	60.0000	46.0000	47.0000	58.0000	57.0000	60.0000	48.0000	50.0000	46.0000	58.0000	53.0000	
41	56.0000	60.0000	59.0000	51.0000	58.0000	56.0000	55.0000	64.0000	59.0000	55.0000	53.0000	52.0000	55.0000	61.0000	57.0000	48.0000	64.0000	55.0000	50.0000	60.0000	53.0000	61.0000	57.0000	55.0000	47.0000	56.0000	53.0000	55.0000	50.0000	49.0000	56.0000	55.0000	58.0000	59.0000	56.0000	62.0000	57.0000	65.0000	46.0000	60.0000	48.0000	47.0000	59.0000	59.0000	61.0000	49.0000	52.0000	48.0000	59.0000	54.0000	
42	56.0000	61.0000	61.0000	52.0000	59.0000	57.0000	56.0000	66.0000	62.0000	56.0000	54.0000	54.0000	57.0000	62.0000	59.0000	49.0000	66.0000	57.0000	52.0000	62.0000	53.0000	63.0000	58.0000	57.0000	48.0000	57.0000	54.0000	56.0000	52.0000	50.0000	58.0000	56.0000	60.0000	61.0000	56.0000	63.0000	58.0000	67.0000	48.0000	61.0000	50.0000	49.0000	59.0000	61.0000	61.0000	49.0000	53.0000	50.0000	61.0000	56.0000	
43	58.0000	63.0000	62.0000	54.0000	60.0000	57.0000	57.0000	68.0000	63.0000	58.0000	56.0000	55.0000	58.0000	64.0000	60.0000	49.0000	68.0000	58.0000	54.0000	64.0000	55.0000	65.0000	59.0000	59.0000	50.0000	58.0000	55.0000	59.0000	54.0000	52.0000	60.0000	58.0000	62.0000	63.0000	57.0000	65.0000	59.0000	67.0000	50.0000	63.0000	50.0000	50.0000	59.0000	62.0000	63.0000	49.0000	53.0000	51.0000	62.0000	59.0000	
44	58.0000	63.0000	62.0000	56.0000	61.0000	59.0000	59.0000	69.0000	65.0000	59.0000	58.0000	57.0000	60.0000	65.0000	61.0000	50.0000	70.0000	60.0000	55.0000	65.0000	57.0000	67.0000	61.0000	59.0000	52.0000	59.0000	56.0000	60.0000	55.0000	54.0000	62.0000	59.0000	63.0000	65.0000	58.0000	66.0000	60.0000	69.0000	52.0000	63.0000	52.0000	52.0000	60.0000	63.0000	64.0000	50.0000	55.0000	52.0000	63.0000	60.0000	
45	59.0000	65.0000	63.0000	56.0000	62.0000	60.0000	61.0000	70.0000	66.0000	60.0000	58.0000	58.0000	62.0000	67.0000	63.0000	51.0000	72.0000	62.0000	55.0000	66.0000	57.0000	69.0000	63.0000	61.0000	54.0000	60.0000	58.0000	62.0000	55.0000	55.0000	63.0000	61.0000	64.0000	67.0000	59.0000	67.0000	61.0000	71.0000	52.0000	64.0000	54.0000	53.0000	61.0000	64.0000	66.0000	51.0000	56.0000	53.0000	65.0000	61.0000	
46	60.0000	66.0000	64.0000	56.0000	63.0000	61.0000	63.0000	71.0000	68.0000	61.0000	58.0000	59.0000	64.0000	69.0000	65.0000	52.0000	73.0000	63.0000	56.0000	67.0000	59.0000	70.0000	64.0000	63.0000	55.0000	61.0000	60.0000	63.0000	56.0000	58.0000	65.0000	63.0000	64.0000	68.0000	61.0000	69.0000	63.0000	72.0000	53.0000	66.0000	56.0000	54.0000	62.0000	66.0000	67.0000	53.0000	58.0000	55.0000	66.0000	63.0000	
47	62.0000	68.0000	66.0000	59.0000	64.0000	62.0000	64.0000	71.0000	69.0000	62.0000	60.0000	60.0000	66.0000	71.0000	66.0000	53.0000	74.0000	64.0000	57.0000	69.0000	60.0000	72.0000	66.0000	64.0000	55.0000	62.0000	61.0000	64.0000	57.0000	58.0000	67.0000	63.0000	65.0000	69.0000	63.0000	70.0000	65.0000	73.0000	55.0000	68.0000	58.0000	56.0000	62.0000	67.0000	69.0000	55.0000	58.0000	56.0000	68.0000	65.0000	
48	64.0000	70.0000	67.0000	61.0000	65.0000	64.0000	67.0000	71.0000	69.0000	63.0000	61.0000	61.0000	68.0000	72.0000	68.0000	54.0000	76.0000	64.0000	58.0000	71.0000	61.0000	73.0000	67.0000	65.0000	57.0000	64.0000	63.0000	65.0000	59.0000	59.0000	69.0000	64.0000	67.0000	71.0000	65.0000	71.0000	65.0000	74.0000	57.0000	70.0000	59.0000	58.0000	63.0000	70.0000	71.0000	56.0000	60.0000	59.0000	69.0000	65.0000	
49	66.0000	72.0000	67.0000	63.0000	66.0000	65.0000	68.0000	73.0000	72.0000	64.0000	62.0000	65.0000	70.0000	73.0000	68.0000	56.0000	79.0000	66.0000	58.0000	73.0000	62.0000	75.0000	68.0000	66.0000	59.0000	65.0000	65.0000	65.0000	60.0000	59.0000	71.0000	66.0000	69.0000	73.0000	66.0000	73.0000	67.0000	75.0000	58.0000	72.0000	61.0000	60.0000	64.0000	70.0000	73.0000	57.0000	61.0000	60.0000	69.0000	67.0000	
50	68.0000	74.0000	68.0000	65.0000	67.0000	66.0000	68.0000	75.0000	73.0000	65.0000	63.0000	67.0000	71.0000	74.0000	69.0000	57.0000	80.0000	68.0000	59.0000	74.0000	63.0000	76.0000	69.0000	67.0000	61.0000	67.0000	66.0000	65.0000	62.0000	60.0000	72.0000	68.0000	71.0000	75.0000	68.0000	74.0000	69.0000	75.0000	60.0000	74.0000	62.0000	60.0000	65.0000	72.0000	74.0000	58.0000	63.0000	61.0000	71.0000	68.0000	
51	69.0000	75.0000	68.0000	66.0000	69.0000	67.0000	69.0000	76.0000	75.0000	67.0000	64.0000	69.0000	73.0000	76.0000	71.0000	57.0000	82.0000	70.0000	61.0000	76.0000	64.0000	77.0000	71.0000	70.0000	62.0000	68.0000	67.0000	65.0000	62.0000	61.0000	73.0000	70.0000	72.0000	77.0000	69.0000	75.0000	71.0000	76.0000	61.0000	76.0000	64.0000	61.0000	66.0000	73.0000	76.0000	60.0000	64.0000	63.0000	71.0000	70.0000	
52	71.0000	76.0000	70.0000	68.0000	70.0000	68.0000	70.0000	78.0000	77.0000	69.0000	66.0000	70.0000	74.0000	78.0000	73.0000	59.0000	83.0000	72.0000	63.0000	77.0000	66.0000	79.0000	73.0000	71.0000	63.0000	69.0000	68.0000	66.0000	62.0000	63.0000	75.0000	71.0000	74.0000	78.0000	70.0000	75.0000	72.0000	76.0000	63.0000	77.0000	66.0000	62.0000	68.0000	74.0000	77.0000	61.0000	65.0000	64.0000	73.0000	71.0000	
53	73.0000	77.0000	71.0000	70.0000	72.0000	69.0000	71.0000	80.0000	78.0000	70.0000	66.0000	71.0000	75.0000	78.0000	75.0000	60.0000	84.0000	72.0000	64.0000	79.0000	68.0000	80.0000	75.0000	73.0000	64.0000	70.0000	70.0000	68.0000	62.0000	64.0000	76.0000	73.0000	76.0000	80.0000	71.0000	77.0000	72.0000	77.0000	65.0000	79.0000	67.0000	63.0000	68.0000	76.0000	79.0000	63.0000	67.0000	66.0000	75.0000	73.0000	
54	74.0000	79.0000	72.0000	72.0000	73.0000	69.0000	73.0000	82.0000	79.0000	72.0000	67.0000	72.0000	77.0000	80.0000	75.0000	61.0000	86.0000	74.0000	64.0000	80.0000	71.0000	82.0000	77.0000	74.0000	65.0000	71.0000	71.0000	69.0000	63.0000	65.0000	78.0000	75.0000	78.0000	81.0000	72.0000	78.0000	74.0000	79.0000	65.0000	81.0000	68.0000	65.0000	69.0000	78.0000	80.0000	65.0000	68.0000	67.0000	77.0000	73.0000	
55	76.0000	80.0000	74.0000	73.0000	75.0000	70.0000	75.0000	83.0000	80.0000	73.0000	68.0000	73.0000	77.0000	82.0000	75.0000	63.0000	87.0000	76.0000	65.0000	81.0000	73.0000	82.0000	79.0000	75.0000	65.0000	73.0000	73.0000	71.0000	65.0000	67.0000	79.0000	75.0000	80.0000	82.0000	74.0000	79.0000	76.0000	80.0000	66.0000	83.0000	68.0000	66.0000	70.0000	79.0000	82.0000	65.0000	69.0000	69.0000	79.0000	74.0000	
56	76.0000	82.0000	75.0000	73.0000	77.0000	71.0000	77.0000	83.0000	81.0000	74.0000	69.0000	74.0000	77.0000	83.0000	77.0000	65.0000	88.0000	78.0000	65.0000	83.0000	75.0000	83.0000	81.0000	76.0000	66.0000	74.0000	73.0000	71.0000	67.0000	68.0000	81.0000	77.0000	81.0000	83.0000	74.0000	81.0000	78.0000	80.0000	66.0000	84.0000	70.0000	67.0000	72.0000	80.0000	83.0000	65.0000	70.0000	70.0000	79.0000	76.0000	
57	77.0000	84.0000	75.0000	75.0000	79.0000	73.0000	79.0000	84.0000	82.0000	76.0000	70.0000	75.0000	79.0000	84.0000	78.0000	66.0000	90.0000	80.0000	66.0000	84.0000	76.0000	84.0000	82.0000	78.0000	68.0000	76.0000	75.0000	72.0000	68.0000	68.0000	83.0000	77.0000	83.0000	85.0000	74.0000	81.0000	79.0000	80.0000	67.0000	85.0000	71.0000	68.0000	74.0000	80.0000	84.0000	65.0000	71.0000	71.0000	81.0000	78.0000	
58	78.0000	85.0000	76.0000	77.0000	81.0000	74.0000	81.0000	84.0000	84.0000	78.0000	71.0000	76.0000	80.0000	86.0000	79.0000	68.0000	91.0000	81.0000	69.0000	86.0000	76.0000	85.0000	83.0000	79.0000	69.0000	77.0000	77.0000	73.0000	70.0000	70.0000	83.0000	79.0000	85.0000	86.0000	76.0000	83.0000	80.0000	81.0000	68.0000	87.0000	73.0000	68.0000	76.0000	81.0000	85.0000	65.0000	73.0000	73.0000	83.0000	79.0000	
59	79.0000	86.0000	77.0000	78.0000	83.0000	75.0000	82.0000	85.0000	86.0000	80.0000	72.0000	77.0000	82.0000	87.0000	81.0000	69.0000	92.0000	82.0000	71.0000	87.0000	77.0000	87.0000	85.0000	81.0000	71.0000	78.0000	79.0000	73.0000	71.0000	70.0000	84.0000	80.0000	87.0000	88.0000	78.0000	84.0000	82.0000	82.0000	70.0000	88.0000	75.0000	69.0000	78.0000	82.0000	85.0000	67.0000	74.0000	74.0000	84.0000	80.0000	
60	80.0000	87.0000	78.0000	79.0000	84.0000	77.0000	84.0000	86.0000	88.0000	81.0000	74.0000	78.0000	83.0000	89.0000	83.0000	69.0000	93.0000	83.0000	72.0000	88.0000	79.0000	88.0000	86.0000	82.0000	71.0000	80.0000	81.0000	75.0000	73.0000	70.0000	86.0000	81.0000	88.0000	90.0000	79.0000	85.0000	83.0000	83.0000	72.0000	89.0000	77.0000	71.0000	80.0000	84.0000	87.0000	67.0000	75.0000	76.0000	84.0000	82.0000	
61	81.0000	89.0000	79.0000	79.0000	85.0000	78.0000	86.0000	88.0000	90.0000	83.0000	75.0000	79.0000	85.0000	91.0000	85.0000	70.0000	94.0000	85.0000	74.0000	89.0000	80.0000	90.0000	88.0000	83.0000	73.0000	81.0000	82.0000	75.0000	73.0000	72.0000	88.0000	83.0000	89.0000	91.0000	80.0000	87.0000	85.0000	85.0000	74.0000	91.0000	79.0000	72.0000	82.0000	86.0000	88.0000	68.0000	77.0000	78.0000	85.0000	84.0000	
62	83.0000	90.0000	82.0000	80.0000	87.0000	79.0000	86.0000	89.0000	90.0000	84.0000	76.0000	80.0000	86.0000	92.0000	87.0000	72.0000	95.0000	87.0000	74.0000	90.0000	81.0000	91.0000	90.0000	84.0000	74.0000	83.0000	84.0000	77.0000	75.0000	74.0000	88.0000	84.0000	90.0000	93.0000	81.0000	90.0000	86.0000	86.0000	75.0000	91.0000	80.0000	73.0000	84.0000	87.0000	90.0000	69.0000	78.0000	80.0000	86.0000	86.0000	
63	84.0000	91.0000	84.0000	81.0000	88.0000	80.0000	87.0000	91.0000	91.0000	86.0000	77.0000	80.0000	86.0000	94.0000	88.0000	73.0000	98.0000	89.0000	75.0000	92.0000	82.0000	92.0000	91.0000	87.0000	75.0000	85.0000	85.0000	79.0000	76.0000	75.0000	90.0000	86.0000	90.0000	94.0000	82.0000	91.0000	88.0000	87.0000	76.0000	92.0000	82.0000	75.0000	85.0000	87.0000	92.0000	71.0000	79.0000	81.0000	87.0000	88.0000	
64	86.0000	91.0000	86.0000	82.0000	89.0000	81.0000	89.0000	91.0000	92.0000	87.0000	79.0000	81.0000	87.0000	96.0000	90.0000	74.0000	99.0000	90.0000	76.0000	93.0000	83.0000	93.0000	94.0000	88.0000	77.0000	87.0000	86.0000	80.0000	77.0000	76.0000	92.0000	86.0000	91.0000	95.0000	83.0000	92.0000	88.0000	89.0000	78.0000	93.0000	84.0000	77.0000	86.0000	88.0000	92.0000	73.0000	80.0000	82.0000	89.0000	90.0000	
65	87.0000	93.0000	87.0000	84.0000	90.0000	81.0000	91.0000	93.0000	92.0000	89.0000	79.0000	83.0000	88.0000	97.0000	91.0000	75.0000	101.0000	92.0000	77.0000	94.0000	83.0000	94.0000	94.0000	89.0000	78.0000	88.0000	87.0000	82.0000	79.0000	77.0000	94.0000	88.0000	93.0000	97.0000	84.0000	94.0000	90.0000	90.0000	80.0000	94.0000	86.0000	79.0000	87.0000	90.0000	93.0000	73.0000	82.0000	83.0000	90.0000	92.0000	
66	89.0000	95.0000	89.0000	85.0000	90.0000	83.0000	93.0000	94.0000	94.0000	92.0000	81.0000	84.0000	90.0000	98.0000	2.0000	76.0000	102.0000	94.0000	79.0000	96.0000	85.0000	94.0000	96.0000	91.0000	78.0000	90.0000	89.0000	83.0000	79.0000	78.0000	96.0000	90.0000	95.0000	99.0000	85.0000	96.0000	91.0000	92.0000	82.0000	96.0000	87.0000	80.0000	88.0000	91.0000	95.0000	75.0000	83.0000	85.0000	90.0000	93.0000	
67	91.0000	96.0000	90.0000	85.0000	92.0000	83.0000	95.0000	95.0000	96.0000	94.0000	82.0000	86.0000	91.0000	99.0000	4.0000	77.0000	104.0000	96.0000	80.0000	98.0000	86.0000	96.0000	98.0000	93.0000	79.0000	92.0000	90.0000	85.0000	81.0000	80.0000	97.0000	92.0000	96.0000	100.0000	87.0000	98.0000	93.0000	92.0000	85.0000	97.0000	88.0000	82.0000	89.0000	92.0000	96.0000	76.0000	85.0000	86.0000	91.0000	94.0000	
68	93.0000	98.0000	91.0000	86.0000	94.0000	85.0000	96.0000	96.0000	97.0000	95.0000	83.0000	88.0000	93.0000	100.0000	6.0000	79.0000	106.0000	97.0000	82.0000	100.0000	87.0000	97.0000	100.0000	94.0000	79.0000	93.0000	91.0000	87.0000	82.0000	82.0000	99.0000	94.0000	98.0000	100.0000	88.0000	99.0000	95.0000	93.0000	86.0000	99.0000	88.0000	84.0000	90.0000	93.0000	97.0000	77.0000	86.0000	88.0000	93.0000	96.0000	
69	95.0000	99.0000	93.0000	88.0000	95.0000	87.0000	97.0000	98.0000	97.0000	97.0000	84.0000	90.0000	95.0000	101.0000	7.0000	80.0000	107.0000	99.0000	84.0000	101.0000	89.0000	98.0000	101.0000	95.0000	81.0000	95.0000	92.0000	89.0000	83.0000	82.0000	101.0000	96.0000	98.0000	102.0000	88.0000	101.0000	96.0000	94.0000	87.0000	100.0000	90.0000	86.0000	91.0000	95.0000	98.0000	79.0000	87.0000	89.0000	94.0000	96.0000	
70	96.0000	100.0000	94.0000	89.0000	96.0000	89.0000	98.0000	100.0000	99.0000	98.0000	84.0000	91.0000	96.0000	101.0000	9.0000	82.0000	108.0000	100.0000	86.0000	102.0000	91.0000	100.0000	103.0000	97.0000	82.0000	97.0000	93.0000	90.0000	85.0000	84.0000	103.0000	97.0000	99.0000	104.0000	90.0000	103.0000	97.0000	94.0000	87.0000	101.0000	92.0000	88.0000	91.0000	97.0000	100.0000	81.0000	88.0000	89.0000	95.0000	97.0000	
71	98.0000	101.0000	95.0000	91.0000	98.0000	91.0000	98.0000	101.0000	101.0000	100.0000	84.0000	92.0000	97.0000	102.0000	10.0000	83.0000	110.0000	102.0000	88.0000	103.0000	92.0000	102.0000	105.0000	99.0000	84.0000	98.0000	94.0000	92.0000	87.0000	86.0000	104.0000	99.0000	101.0000	106.0000	92.0000	105.0000	98.0000	96.0000	88.0000	103.0000	94.0000	89.0000	93.0000	99.0000	102.0000	83.0000	90.0000	91.0000	95.0000	98.0000	
72	99.0000	103.0000	97.0000	92.0000	99.0000	93.0000	99.0000	101.0000	102.0000	102.0000	84.0000	93.0000	98.0000	103.0000	11.0000	84.0000	112.0000	104.0000	89.0000	104.0000	93.0000	103.0000	107.0000	101.0000	86.0000	100.0000	96.0000	93.0000	88.0000	87.0000	106.0000	99.0000	103.0000	108.0000	93.0000	105.0000	98.0000	98.0000	89.0000	103.0000	95.0000	90.0000	93.0000	100.0000	103.0000	85.0000	92.0000	92.0000	97.0000	100.0000	
73	100.0000	103.0000	98.0000	93.0000	102.0000	94.0000	101.0000	103.0000	103.0000	104.0000	86.0000	94.0000	100.0000	105.0000	12.0000	85.0000	113.0000	105.0000	90.0000	105.0000	94.0000	103.0000	108.0000	102.0000	88.0000	101.0000	97.0000	95.0000	90.0000	89.0000	108.0000	99.0000	104.0000	108.0000	94.0000	107.0000	99.0000	99.0000	91.0000	105.0000	97.0000	90.0000	94.0000	101.0000	104.0000	86.0000	93.0000	94.0000	99.0000	102.0000	
74	102.0000	105.0000	99.0000	94.0000	103.0000	95.0000	101.0000	104.0000	104.0000	106.0000	87.0000	94.0000	101.0000	107.0000	13.0000	85.0000	114.0000	106.0000	91.0000	107.0000	95.0000	104.0000	109.0000	102.0000	88.0000	101.0000	98.0000	97.0000	91.0000	90.0000	109.0000	101.0000	105.0000	110.0000	95.0000	108.0000	100.0000	101.0000	93.0000	106.0000	98.0000	91.0000	96.0000	103.0000	106.0000	87.0000	94.0000	96.0000	99.0000	103.0000	
75	104.0000	107.0000	101.0000	95.0000	105.0000	97.0000	103.0000	3.0000	106.0000	107.0000	88.0000	95.0000	102.0000	109.0000	14.0000	86.0000	116.0000	108.0000	93.0000	109.0000	97.0000	106.0000	111.0000	104.0000	89.0000	102.0000	99.0000	99.0000	92.0000	91.0000	110.0000	103.0000	107.0000	112.0000	96.0000	110.0000	101.0000	103.0000	95.0000	107.0000	100.0000	93.0000	98.0000	105.0000	107.0000	89.0000	94.0000	97.0000	101.0000	105.0000	
76	106.0000	109.0000	103.0000	96.0000	107.0000	99.0000	104.0000	4.0000	108.0000	109.0000	90.0000	97.0000	104.0000	110.0000	15.0000	88.0000	118.0000	110.0000	95.0000	110.0000	98.0000	107.0000	113.0000	104.0000	89.0000	103.0000	99.0000	100.0000	93.0000	93.0000	112.0000	105.0000	107.0000	1.0000	98.0000	111.0000	103.0000	105.0000	97.0000	108.0000	102.0000	95.0000	101.0000	106.0000	109.0000	90.0000	95.0000	98.0000	103.0000	107.0000	
77	2.0000	111.0000	105.0000	98.0000	108.0000	101.0000	106.0000	6.0000	109.0000	111.0000	92.0000	98.0000	105.0000	111.0000	17.0000	89.0000	120.0000	111.0000	97.0000	112.0000	99.0000	108.0000	114.0000	107.0000	91.0000	105.0000	100.0000	101.0000	94.0000	95.0000	114.0000	105.0000	108.0000	2.0000	98.0000	113.0000	104.0000	107.0000	99.0000	108.0000	103.0000	96.0000	103.0000	108.0000	110.0000	90.0000	95.0000	99.0000	105.0000	108.0000	
78	4.0000	112.0000	106.0000	100.0000	110.0000	102.0000	108.0000	7.0000	110.0000	112.0000	93.0000	98.0000	106.0000	113.0000	18.0000	90.0000	121.0000	112.0000	99.0000	113.0000	101.0000	110.0000	115.0000	108.0000	93.0000	107.0000	102.0000	103.0000	96.0000	95.0000	115.0000	106.0000	109.0000	2.0000	98.0000	115.0000	106.0000	109.0000	100.0000	110.0000	104.0000	98.0000	105.0000	109.0000	111.0000	91.0000	96.0000	100.0000	106.0000	110.0000	
79	6.0000	114.0000	108.0000	102.0000	112.0000	103.0000	109.0000	9.0000	112.0000	113.0000	95.0000	98.0000	108.0000	2.0000	19.0000	91.0000	122.0000	114.0000	101.0000	114.0000	103.0000	111.0000	117.0000	110.0000	93.0000	107.0000	103.0000	105.0000	98.0000	96.0000	116.0000	108.0000	110.0000	4.0000	99.0000	116.0000	107.0000	111.0000	102.0000	112.0000	106.0000	100.0000	107.0000	110.0000	113.0000	92.0000	98.0000	102.0000	107.0000	111.0000	
80	8.0000	115.0000	109.0000	104.0000	115.0000	105.0000	110.0000	11.0000	114.0000	114.0000	96.0000	99.0000	110.0000	4.0000	20.0000	93.0000	122.0000	115.0000	102.0000	116.0000	105.0000	113.0000	117.0000	112.0000	94.0000	109.0000	103.0000	107.0000	100.0000	97.0000	117.0000	110.0000	111.0000	5.0000	100.0000	117.0000	108.0000	112.0000	103.0000	114.0000	108.0000	3.0000	108.0000	112.0000	115.0000	94.0000	100.0000	103.0000	108.0000	113.0000	
81	9.0000	117.0000	109.0000	105.0000	116.0000	106.0000	111.0000	12.0000	116.0000	115.0000	98.0000	100.0000	112.0000	5.0000	22.0000	95.0000	123.0000	116.0000	104.0000	117.0000	107.0000	115.0000	119.0000	113.0000	96.0000	110.0000	104.0000	108.0000	101.0000	98.0000	118.0000	112.0000	114.0000	6.0000	100.0000	118.0000	3.0000	113.0000	104.0000	116.0000	109.0000	5.0000	110.0000	113.0000	117.0000	96.0000	102.0000	104.0000	108.0000	114.0000	
82	9.0000	118.0000	111.0000	107.0000	117.0000	107.0000	112.0000	13.0000	118.0000	117.0000	99.0000	101.0000	115.0000	7.0000	23.0000	97.0000	125.0000	118.0000	105.0000	118.0000	109.0000	116.0000	120.0000	115.0000	98.0000	110.0000	105.0000	110.0000	103.0000	98.0000	120.0000	114.0000	116.0000	8.0000	102.0000	120.0000	3.0000	115.0000	106.0000	116.0000	109.0000	7.0000	111.0000	115.0000	119.0000	96.0000	104.0000	106.0000	108.0000	116.0000	
83	10.0000	119.0000	111.0000	109.0000	118.0000	109.0000	113.0000	14.0000	120.0000	118.0000	100.0000	103.0000	116.0000	9.0000	24.0000	98.0000	127.0000	120.0000	105.0000	120.0000	110.0000	116.0000	122.0000	116.0000	100.0000	111.0000	105.0000	111.0000	105.0000	100.0000	121.0000	115.0000	118.0000	9.0000	104.0000	121.0000	5.0000	117.0000	107.0000	116.0000	111.0000	8.0000	112.0000	117.0000	120.0000	98.0000	104.0000	107.0000	110.0000	117.0000	
84	12.0000	120.0000	113.0000	110.0000	120.0000	110.0000	114.0000	15.0000	121.0000	118.0000	102.0000	105.0000	118.0000	11.0000	25.0000	100.0000	128.0000	121.0000	105.0000	120.0000	112.0000	118.0000	123.0000	118.0000	102.0000	112.0000	106.0000	111.0000	107.0000	102.0000	123.0000	117.0000	119.0000	10.0000	105.0000	122.0000	6.0000	117.0000	109.0000	117.0000	113.0000	8.0000	113.0000	118.0000	122.0000	100.0000	105.0000	109.0000	110.0000	118.0000	
85	14.0000	122.0000	115.0000	112.0000	122.0000	112.0000	116.0000	17.0000	124.0000	120.0000	103.0000	106.0000	119.0000	12.0000	26.0000	101.0000	130.0000	121.0000	106.0000	122.0000	113.0000	120.0000	124.0000	120.0000	103.0000	114.0000	108.0000	112.0000	109.0000	103.0000	123.0000	118.0000	120.0000	12.0000	106.0000	124.0000	8.0000	119.0000	110.0000	119.0000	114.0000	9.0000	113.0000	119.0000	122.0000	102.0000	106.0000	110.0000	111.0000	120.0000	
86	15.0000	123.0000	117.0000	113.0000	124.0000	114.0000	118.0000	19.0000	125.0000	123.0000	104.0000	107.0000	120.0000	13.0000	27.0000	103.0000	132.0000	121.0000	108.0000	123.0000	114.0000	121.0000	125.0000	122.0000	105.0000	115.0000	108.0000	114.0000	110.0000	105.0000	125.0000	119.0000	121.0000	13.0000	107.0000	126.0000	9.0000	121.0000	113.0000	3.0000	115.0000	10.0000	114.0000	121.0000	124.0000	104.0000	108.0000	111.0000	113.0000	121.0000	
87	16.0000	124.0000	117.0000	115.0000	126.0000	114.0000	120.0000	19.0000	127.0000	125.0000	106.0000	108.0000	122.0000	15.0000	27.0000	104.0000	133.0000	122.0000	109.0000	125.0000	115.0000	123.0000	126.0000	124.0000	106.0000	117.0000	110.0000	116.0000	112.0000	106.0000	127.0000	120.0000	123.0000	15.0000	3.0000	128.0000	11.0000	122.0000	114.0000	4.0000	116.0000	13.0000	115.0000	122.0000	125.0000	106.0000	109.0000	113.0000	114.0000	123.0000	
88	17.0000	125.0000	119.0000	116.0000	126.0000	115.0000	121.0000	20.0000	129.0000	127.0000	107.0000	108.0000	123.0000	17.0000	29.0000	106.0000	134.0000	123.0000	111.0000	126.0000	117.0000	124.0000	127.0000	127.0000	108.0000	119.0000	112.0000	117.0000	115.0000	108.0000	128.0000	121.0000	125.0000	16.0000	5.0000	129.0000	13.0000	123.0000	115.0000	5.0000	117.0000	15.0000	116.0000	124.0000	3.0000	106.0000	111.0000	2.0000	115.0000	124.0000	
89	19.0000	127.0000	121.0000	117.0000	128.0000	117.0000	122.0000	21.0000	130.0000	128.0000	108.0000	109.0000	125.0000	19.0000	31.0000	107.0000	136.0000	124.0000	112.0000	128.0000	119.0000	125.0000	128.0000	128.0000	110.0000	121.0000	3.0000	118.0000	116.0000	109.0000	130.0000	121.0000	126.0000	17.0000	7.0000	131.0000	15.0000	125.0000	117.0000	5.0000	118.0000	16.0000	117.0000	125.0000	4.0000	108.0000	112.0000	3.0000	117.0000	125.0000	
90	20.0000	129.0000	123.0000	118.0000	130.0000	118.0000	123.0000	23.0000	131.0000	130.0000	108.0000	110.0000	126.0000	21.0000	33.0000	109.0000	138.0000	125.0000	114.0000	130.0000	121.0000	127.0000	2.0000	130.0000	112.0000	122.0000	5.0000	120.0000	118.0000	111.0000	132.0000	123.0000	126.0000	19.0000	10.0000	133.0000	16.0000	126.0000	119.0000	6.0000	121.0000	18.0000	118.0000	127.0000	5.0000	109.0000	114.0000	4.0000	119.0000	126.0000	
91	22.0000	131.0000	124.0000	120.0000	131.0000	120.0000	125.0000	25.0000	133.0000	132.0000	109.0000	111.0000	126.0000	23.0000	34.0000	111.0000	140.0000	126.0000	116.0000	131.0000	122.0000	128.0000	3.0000	132.0000	113.0000	123.0000	5.0000	120.0000	119.0000	112.0000	134.0000	125.0000	128.0000	21.0000	11.0000	135.0000	17.0000	127.0000	121.0000	8.0000	122.0000	20.0000	120.0000	128.0000	6.0000	111.0000	115.0000	4.0000	121.0000	126.0000	
92	25.0000	132.0000	125.0000	122.0000	133.0000	120.0000	126.0000	27.0000	135.0000	133.0000	112.0000	112.0000	128.0000	25.0000	35.0000	112.0000	143.0000	128.0000	117.0000	132.0000	124.0000	3.0000	4.0000	133.0000	116.0000	124.0000	6.0000	121.0000	120.0000	114.0000	136.0000	126.0000	129.0000	23.0000	13.0000	136.0000	19.0000	128.0000	122.0000	10.0000	122.0000	20.0000	122.0000	129.0000	6.0000	112.0000	117.0000	4.0000	122.0000	127.0000	
93	26.0000	134.0000	126.0000	124.0000	134.0000	122.0000	128.0000	27.0000	137.0000	134.0000	114.0000	114.0000	130.0000	27.0000	36.0000	114.0000	144.0000	128.0000	118.0000	134.0000	126.0000	4.0000	6.0000	134.0000	118.0000	125.0000	8.0000	123.0000	122.0000	116.0000	137.0000	128.0000	132.0000	24.0000	15.0000	137.0000	20.0000	130.0000	124.0000	12.0000	124.0000	21.0000	123.0000	131.0000	7.0000	114.0000	119.0000	5.0000	123.0000	128.0000	
94	27.0000	135.0000	128.0000	125.0000	135.0000	122.0000	130.0000	28.0000	139.0000	135.0000	114.0000	114.0000	132.0000	29.0000	37.0000	115.0000	145.0000	129.0000	119.0000	135.0000	2.0000	4.0000	7.0000	135.0000	119.0000	127.0000	8.0000	125.0000	123.0000	117.0000	138.0000	129.0000	134.0000	25.0000	17.0000	138.0000	21.0000	132.0000	125.0000	13.0000	124.0000	23.0000	124.0000	133.0000	8.0000	116.0000	121.0000	7.0000	124.0000	129.0000	
95	28.0000	137.0000	128.0000	127.0000	137.0000	124.0000	132.0000	30.0000	139.0000	136.0000	116.0000	116.0000	134.0000	31.0000	38.0000	116.0000	145.0000	131.0000	121.0000	136.0000	3.0000	5.0000	7.0000	2.0000	121.0000	129.0000	9.0000	127.0000	125.0000	119.0000	140.0000	130.0000	135.0000	27.0000	18.0000	139.0000	22.0000	133.0000	3.0000	15.0000	126.0000	24.0000	125.0000	134.0000	9.0000	117.0000	122.0000	9.0000	126.0000	131.0000	
96	29.0000	137.0000	130.0000	128.0000	138.0000	125.0000	133.0000	31.0000	140.0000	138.0000	117.0000	117.0000	135.0000	33.0000	39.0000	116.0000	146.0000	132.0000	121.0000	138.0000	5.0000	7.0000	9.0000	4.0000	121.0000	130.0000	10.0000	128.0000	126.0000	120.0000	142.0000	131.0000	136.0000	29.0000	20.0000	141.0000	24.0000	134.0000	5.0000	16.0000	128.0000	25.0000	126.0000	136.0000	11.0000	117.0000	123.0000	10.0000	127.0000	133.0000	
97	29.0000	139.0000	132.0000	130.0000	140.0000	127.0000	135.0000	33.0000	140.0000	140.0000	118.0000	117.0000	2.0000	35.0000	40.0000	117.0000	147.0000	133.0000	122.0000	140.0000	6.0000	8.0000	9.0000	5.0000	122.0000	131.0000	11.0000	130.0000	128.0000	121.0000	144.0000	133.0000	137.0000	31.0000	21.0000	142.0000	25.0000	135.0000	6.0000	18.0000	129.0000	26.0000	127.0000	138.0000	13.0000	2.0000	126.0000	12.0000	128.0000	135.0000	
98	30.0000	140.0000	134.0000	131.0000	140.0000	129.0000	136.0000	35.0000	142.0000	142.0000	120.0000	118.0000	5.0000	37.0000	41.0000	119.0000	149.0000	135.0000	123.0000	141.0000	7.0000	8.0000	10.0000	6.0000	124.0000	133.0000	12.0000	131.0000	130.0000	123.0000	145.0000	135.0000	139.0000	32.0000	22.0000	143.0000	26.0000	137.0000	8.0000	19.0000	131.0000	27.0000	128.0000	3.0000	14.0000	3.0000	128.0000	14.0000	129.0000	137.0000	
99	32.0000	141.0000	136.0000	132.0000	142.0000	131.0000	137.0000	37.0000	143.0000	144.0000	122.0000	120.0000	7.0000	39.0000	43.0000	121.0000	149.0000	137.0000	125.0000	142.0000	8.0000	10.0000	12.0000	6.0000	125.0000	135.0000	13.0000	133.0000	132.0000	125.0000	146.0000	137.0000	140.0000	34.0000	24.0000	3.0000	28.0000	139.0000	9.0000	21.0000	132.0000	28.0000	129.0000	5.0000	16.0000	5.0000	129.0000	16.0000	131.0000	139.0000	
100	34.0000	143.0000	138.0000	134.0000	144.0000	131.0000	139.0000	38.0000	144.0000	145.0000	123.0000	121.0000	9.0000	41.0000	45.0000	121.0000	149.0000	139.0000	127.0000	143.0000	9.0000	11.0000	13.0000	8.0000	127.0000	136.0000	14.0000	135.0000	135.0000	127.0000	148.0000	139.0000	141.0000	34.0000	26.0000	5.0000	30.0000	140.0000	11.0000	22.0000	132.0000	30.0000	129.0000	6.0000	17.0000	7.0000	130.0000	16.0000	133.0000	3.0000	
101	36.0000	144.0000	139.0000	135.0000	146.0000	133.0000	141.0000	38.0000	147.0000	147.0000	124.0000	123.0000	10.0000	42.0000	46.0000	122.0000	150.0000	2.0000	128.0000	145.0000	11.0000	11.0000	14.0000	9.0000	128.0000	138.0000	16.0000	136.0000	136.0000	128.0000	149.0000	140.0000	142.0000	36.0000	27.0000	6.0000	32.0000	142.0000	12.0000	24.0000	133.0000	32.0000	130.0000	7.0000	18.0000	9.0000	132.0000	18.0000	135.0000	4.0000	
102	38.0000	145.0000	140.0000	137.0000	148.0000	135.0000	142.0000	40.0000	149.0000	149.0000	124.0000	125.0000	11.0000	44.0000	48.0000	123.0000	151.0000	3.0000	130.0000	147.0000	11.0000	14.0000	14.0000	11.0000	130.0000	138.0000	17.0000	138.0000	137.0000	129.0000	151.0000	141.0000	143.0000	38.0000	28.0000	7.0000	34.0000	143.0000	12.0000	26.0000	2.0000	33.0000	132.0000	8.0000	20.0000	10.0000	3.0000	19.0000	3.0000	5.0000	
103	39.0000	147.0000	142.0000	140.0000	149.0000	1.0000	143.0000	41.0000	151.0000	151.0000	124.0000	126.0000	12.0000	46.0000	50.0000	125.0000	152.0000	4.0000	132.0000	149.0000	13.0000	16.0000	16.0000	12.0000	131.0000	140.0000	19.0000	139.0000	138.0000	131.0000	153.0000	142.0000	144.0000	40.0000	29.0000	7.0000	35.0000	145.0000	13.0000	27.0000	4.0000	35.0000	132.0000	10.0000	22.0000	11.0000	3.0000	21.0000	4.0000	6.0000	
104	41.0000	149.0000	144.0000	140.0000	150.0000	1.0000	144.0000	43.0000	152.0000	152.0000	125.0000	128.0000	13.0000	48.0000	51.0000	127.0000	153.0000	5.0000	133.0000	151.0000	15.0000	18.0000	17.0000	13.0000	133.0000	142.0000	21.0000	1.0000	139.0000	132.0000	155.0000	144.0000	146.0000	42.0000	31.0000	8.0000	37.0000	146.0000	14.0000	29.0000	6.0000	36.0000	134.0000	12.0000	23.0000	13.0000	5.0000	22.0000	5.0000	8.0000	
105	42.0000	150.0000	144.0000	142.0000	152.0000	3.0000	146.0000	44.0000	3.0000	152.0000	125.0000	128.0000	14.0000	50.0000	53.0000	128.0000	155.0000	7.0000	134.0000	152.0000	17.0000	19.0000	18.0000	13.0000	135.0000	143.0000	23.0000	3.0000	140.0000	134.0000	157.0000	146.0000	147.0000	44.0000	33.0000	8.0000	39.0000	147.0000	16.0000	30.0000	7.0000	38.0000	136.0000	13.0000	24.0000	14.0000	6.0000	24.0000	5.0000	9.0000	
106	43.0000	152.0000	144.0000	144.0000	154.0000	4.0000	146.0000	46.0000	5.0000	153.0000	125.0000	130.0000	16.0000	52.0000	54.0000	129.0000	155.0000	9.0000	135.0000	154.0000	19.0000	21.0000	18.0000	15.0000	137.0000	145.0000	25.0000	4.0000	142.0000	136.0000	158.0000	147.0000	148.0000	46.0000	34.0000	10.0000	39.0000	148.0000	18.0000	32.0000	8.0000	39.0000	137.0000	15.0000	24.0000	14.0000	6.0000	26.0000	7.0000	10.0000	
107	45.0000	153.0000	145.0000	146.0000	155.0000	4.0000	147.0000	46.0000	7.0000	153.0000	127.0000	132.0000	16.0000	54.0000	55.0000	130.0000	157.0000	10.0000	136.0000	156.0000	20.0000	22.0000	20.0000	17.0000	138.0000	146.0000	27.0000	6.0000	143.0000	137.0000	159.0000	149.0000	150.0000	47.0000	36.0000	11.0000	40.0000	150.0000	20.0000	35.0000	10.0000	40.0000	139.0000	17.0000	25.0000	16.0000	7.0000	27.0000	8.0000	11.0000	
108	47.0000	153.0000	146.0000	147.0000	156.0000	5.0000	148.0000	48.0000	8.0000	155.0000	128.0000	134.0000	17.0000	54.0000	56.0000	132.0000	158.0000	12.0000	137.0000	2.0000	21.0000	23.0000	22.0000	19.0000	140.0000	148.0000	29.0000	7.0000	144.0000	139.0000	161.0000	150.0000	151.0000	48.0000	37.0000	12.0000	42.0000	152.0000	22.0000	37.0000	13.0000	42.0000	141.0000	19.0000	27.0000	18.0000	9.0000	28.0000	9.0000	12.0000	
109	49.0000	155.0000	148.0000	148.0000	158.0000	6.0000	149.0000	49.0000	10.0000	157.0000	130.0000	135.0000	19.0000	56.0000	56.0000	3.0000	159.0000	13.0000	139.0000	4.0000	23.0000	25.0000	24.0000	20.0000	142.0000	148.0000	31.0000	8.0000	147.0000	139.0000	162.0000	152.0000	153.0000	50.0000	39.0000	13.0000	44.0000	152.0000	22.0000	38.0000	14.0000	43.0000	143.0000	20.0000	28.0000	20.0000	11.0000	30.0000	9.0000	14.0000	
110	51.0000	155.0000	148.0000	149.0000	159.0000	7.0000	151.0000	51.0000	11.0000	159.0000	132.0000	137.0000	19.0000	58.0000	57.0000	4.0000	2.0000	15.0000	140.0000	6.0000	25.0000	26.0000	26.0000	20.0000	145.0000	149.0000	33.0000	8.0000	148.0000	140.0000	164.0000	152.0000	155.0000	52.0000	40.0000	15.0000	45.0000	153.0000	24.0000	39.0000	15.0000	44.0000	144.0000	22.0000	29.0000	21.0000	12.0000	32.0000	11.0000	15.0000	
111	53.0000	157.0000	150.0000	151.0000	161.0000	9.0000	152.0000	52.0000	13.0000	160.0000	132.0000	139.0000	21.0000	60.0000	59.0000	5.0000	3.0000	16.0000	141.0000	9.0000	27.0000	28.0000	28.0000	20.0000	146.0000	149.0000	35.0000	10.0000	150.0000	141.0000	165.0000	152.0000	157.0000	53.0000	41.0000	16.0000	47.0000	155.0000	25.0000	41.0000	16.0000	46.0000	145.0000	24.0000	30.0000	22.0000	14.0000	34.0000	13.0000	16.0000	
112	54.0000	158.0000	152.0000	152.0000	162.0000	10.0000	153.0000	53.0000	15.0000	161.0000	133.0000	140.0000	23.0000	60.0000	60.0000	6.0000	5.0000	17.0000	143.0000	10.0000	29.0000	29.0000	29.0000	21.0000	147.0000	150.0000	37.0000	12.0000	152.0000	2.0000	167.0000	3.0000	159.0000	54.0000	43.0000	18.0000	48.0000	157.0000	27.0000	43.0000	18.0000	48.0000	146.0000	25.0000	30.0000	23.0000	15.0000	35.0000	14.0000	17.0000	
113	56.0000	160.0000	153.0000	154.0000	163.0000	11.0000	153.0000	55.0000	16.0000	163.0000	134.0000	142.0000	24.0000	62.0000	60.0000	7.0000	5.0000	19.0000	2.0000	11.0000	30.0000	30.0000	31.0000	23.0000	148.0000	151.0000	37.0000	14.0000	153.0000	4.0000	168.0000	4.0000	2.0000	56.0000	45.0000	20.0000	50.0000	157.0000	29.0000	45.0000	20.0000	50.0000	147.0000	26.0000	32.0000	24.0000	16.0000	37.0000	16.0000	18.0000	
114	57.0000	162.0000	154.0000	154.0000	164.0000	13.0000	154.0000	57.0000	18.0000	164.0000	135.0000	143.0000	24.0000	63.0000	62.0000	7.0000	6.0000	20.0000	4.0000	12.0000	32.0000	31.0000	33.0000	25.0000	149.0000	152.0000	38.0000	15.0000	155.0000	5.0000	169.0000	4.0000	3.0000	58.0000	47.0000	22.0000	52.0000	159.0000	31.0000	45.0000	21.0000	52.0000	149.0000	28.0000	33.0000	25.0000	17.0000	39.0000	17.0000	19.0000	
115	57.0000	164.0000	156.0000	155.0000	164.0000	14.0000	156.0000	58.0000	20.0000	165.0000	135.0000	144.0000	26.0000	64.0000	64.0000	9.0000	7.0000	22.0000	5.0000	14.0000	34.0000	33.0000	35.0000	27.0000	3.0000	153.0000	40.0000	17.0000	156.0000	7.0000	169.0000	6.0000	5.0000	59.0000	49.0000	22.0000	54.0000	161.0000	31.0000	46.0000	23.0000	54.0000	151.0000	30.0000	35.0000	25.0000	19.0000	41.0000	19.0000	20.0000	
116	58.0000	165.0000	3.0000	157.0000	166.0000	15.0000	158.0000	59.0000	21.0000	166.0000	137.0000	145.0000	27.0000	66.0000	66.0000	10.0000	7.0000	24.0000	7.0000	15.0000	34.0000	35.0000	37.0000	28.0000	4.0000	155.0000	41.0000	19.0000	156.0000	9.0000	171.0000	8.0000	6.0000	60.0000	50.0000	22.0000	55.0000	162.0000	33.0000	48.0000	25.0000	55.0000	152.0000	31.0000	37.0000	26.0000	21.0000	43.0000	19.0000	22.0000	
117	59.0000	167.0000	5.0000	158.0000	167.0000	17.0000	160.0000	60.0000	23.0000	168.0000	138.0000	147.0000	28.0000	68.0000	68.0000	12.0000	8.0000	25.0000	9.0000	16.0000	34.0000	35.0000	38.0000	30.0000	6.0000	156.0000	42.0000	21.0000	158.0000	11.0000	173.0000	10.0000	7.0000	62.0000	52.0000	24.0000	56.0000	164.0000	35.0000	48.0000	25.0000	56.0000	153.0000	32.0000	39.0000	28.0000	23.0000	44.0000	20.0000	23.0000	
118	61.0000	168.0000	7.0000	160.0000	169.0000	18.0000	162.0000	62.0000	25.0000	169.0000	140.0000	149.0000	30.0000	69.0000	70.0000	14.0000	9.0000	26.0000	10.0000	17.0000	36.0000	37.0000	39.0000	31.0000	6.0000	157.0000	44.0000	23.0000	160.0000	12.0000	174.0000	11.0000	8.0000	64.0000	52.0000	26.0000	58.0000	165.0000	36.0000	49.0000	26.0000	57.0000	155.0000	34.0000	39.0000	30.0000	25.0000	45.0000	21.0000	24.0000	
119	63.0000	3.0000	9.0000	161.0000	171.0000	20.0000	163.0000	64.0000	27.0000	170.0000	142.0000	150.0000	31.0000	71.0000	72.0000	16.0000	11.0000	27.0000	11.0000	19.0000	37.0000	37.0000	41.0000	32.0000	8.0000	158.0000	45.0000	25.0000	162.0000	14.0000	175.0000	12.0000	9.0000	66.0000	54.0000	27.0000	59.0000	166.0000	37.0000	51.0000	28.0000	57.0000	157.0000	35.0000	41.0000	31.0000	27.0000	46.0000	23.0000	25.0000	
120	65.0000	5.0000	11.0000	163.0000	172.0000	22.0000	164.0000	66.0000	28.0000	171.0000	143.0000	152.0000	33.0000	72.0000	74.0000	17.0000	13.0000	29.0000	14.0000	20.0000	38.0000	38.0000	42.0000	34.0000	9.0000	158.0000	46.0000	27.0000	164.0000	14.0000	175.0000	12.0000	11.0000	69.0000	56.0000	28.0000	61.0000	167.0000	38.0000	52.0000	30.0000	59.0000	159.0000	37.0000	42.0000	33.0000	29.0000	48.0000	25.0000	27.0000	
;
param dt : 
	1		2		3		4		5		6		7		8		9		10		11		12		13		14		15		16		17		18		19		20		21		22		23		24		25		26		27		28		29		30		31		32		33		34		35		36		37		38		39		40		41		42		43		44		45		46		47		48		49		50	 := 
1	0.0000	0.0000	0.0000	0.0000	0.0000	0.0000	0.0000	0.0000	0.0000	0.0000	0.0000	0.0000	0.0000	0.0000	0.0000	0.0000	0.0000	0.0000	0.0000	0.0000	0.0000	0.0000	0.0000	0.0000	0.0000	0.0000	0.0000	0.0000	0.0000	0.0000	0.0000	0.0000	0.0000	0.0000	0.0000	0.0000	0.0000	0.0000	0.0000	0.0000	0.0000	0.0000	0.0000	0.0000	0.0000	0.0000	0.0000	0.0000	0.0000	0.0000	
2	0.0000	0.0000	0.0000	0.0000	0.0000	0.0000	0.0000	0.0000	0.0000	0.0000	0.0000	0.0000	0.0000	0.0000	0.0000	0.0000	0.0000	0.0000	0.0000	0.0000	0.0000	0.0000	0.0000	0.0000	0.0000	0.0000	0.0000	0.0000	0.0000	0.0000	0.0000	0.0000	0.0000	0.0000	0.0000	0.0000	0.0000	0.0000	0.0000	0.0000	0.0000	0.0000	0.0000	0.0000	0.0000	0.0000	0.0000	0.0000	0.0000	0.0000	
3	0.0000	0.0000	0.0000	0.0000	0.0000	0.0000	0.0000	0.0000	0.0000	0.0000	0.0000	0.0000	0.0000	0.0000	0.0000	0.0000	0.0000	0.0000	0.0000	0.0000	0.0000	0.0000	0.0000	0.0000	0.0000	0.0000	0.0000	0.0000	0.0000	0.0000	0.0000	0.0000	0.0000	0.0000	0.0000	0.0000	0.0000	0.0000	0.0000	0.0000	0.0000	0.0000	0.0000	0.0000	0.0000	0.0000	0.0000	0.0000	0.0000	0.0000	
4	0.0000	0.0000	0.0000	0.0000	0.0000	0.0000	0.0000	0.0000	0.0000	0.0000	0.0000	0.0000	0.0000	0.0000	0.0000	0.0000	0.0000	0.0000	0.0000	0.0000	0.0000	0.0000	0.0000	0.0000	0.0000	0.0000	0.0000	0.0000	0.0000	0.0000	0.0000	0.0000	0.0000	0.0000	0.0000	0.0000	0.0000	0.0000	0.0000	0.0000	0.0000	0.0000	0.0000	0.0000	0.0000	0.0000	0.0000	0.0000	0.0000	0.0000	
5	0.0000	0.0000	0.0000	0.0000	0.0000	0.0000	0.0000	0.0000	0.0000	0.0000	0.0000	0.0000	0.0000	0.0000	0.0000	0.0000	0.0000	0.0000	0.0000	0.0000	0.0000	0.0000	0.0000	0.0000	0.0000	0.0000	0.0000	0.0000	0.0000	0.0000	0.0000	0.0000	0.0000	0.0000	0.0000	0.0000	0.0000	0.0000	0.0000	0.0000	0.0000	0.0000	0.0000	0.0000	0.0000	0.0000	0.0000	0.0000	0.0000	0.0000	
6	0.0000	0.0000	0.0000	0.0000	0.0000	0.0000	0.0000	0.0000	0.0000	0.0000	0.0000	0.0000	0.0000	0.0000	0.0000	0.0000	0.0000	0.0000	0.0000	0.0000	0.0000	0.0000	0.0000	0.0000	0.0000	0.0000	0.0000	0.0000	0.0000	0.0000	0.0000	0.0000	0.0000	0.0000	0.0000	0.0000	0.0000	0.0000	0.0000	0.0000	0.0000	0.0000	0.0000	0.0000	0.0000	0.0000	0.0000	0.0000	0.0000	0.0000	
7	0.0000	0.0000	0.0000	0.0000	0.0000	0.0000	0.0000	0.0000	0.0000	0.0000	0.0000	0.0000	0.0000	0.0000	0.0000	0.0000	0.0000	0.0000	0.0000	0.0000	0.0000	0.0000	0.0000	0.0000	0.0000	0.0000	0.0000	0.0000	0.0000	0.0000	0.0000	0.0000	0.0000	0.0000	0.0000	0.0000	0.0000	0.0000	0.0000	0.0000	0.0000	0.0000	0.0000	0.0000	0.0000	0.0000	0.0000	0.0000	0.0000	0.0000	
8	0.0000	0.0000	0.0000	0.0000	0.0000	0.0000	0.0000	0.0000	0.0000	0.0000	0.0000	0.0000	0.0000	0.0000	0.0000	0.0000	0.0000	0.0000	0.0000	0.0000	0.0000	0.0000	0.0000	0.0000	0.0000	0.0000	0.0000	0.0000	0.0000	0.0000	0.0000	0.0000	0.0000	0.0000	0.0000	0.0000	0.0000	0.0000	0.0000	0.0000	0.0000	0.0000	0.0000	0.0000	0.0000	0.0000	0.0000	0.0000	0.0000	0.0000	
9	0.0000	0.0000	0.0000	0.0000	0.0000	0.0000	0.0000	0.0000	0.0000	0.0000	0.0000	0.0000	0.0000	0.0000	0.0000	0.0000	0.0000	0.0000	0.0000	0.0000	0.0000	0.0000	0.0000	0.0000	0.0000	0.0000	0.0000	0.0000	0.0000	0.0000	0.0000	0.0000	0.0000	0.0000	0.0000	0.0000	0.0000	0.0000	0.0000	0.0000	0.0000	0.0000	0.0000	0.0000	0.0000	0.0000	0.0000	0.0000	0.0000	0.0000	
10	0.0000	0.0000	0.0000	0.0000	0.0000	0.0000	0.0000	0.0000	0.0000	0.0000	0.0000	0.0000	0.0000	0.0000	0.0000	0.0000	0.0000	0.0000	0.0000	0.0000	0.0000	0.0000	0.0000	0.0000	0.0000	0.0000	0.0000	0.0000	0.0000	0.0000	0.0000	0.0000	0.0000	0.0000	0.0000	0.0000	0.0000	0.0000	0.0000	0.0000	0.0000	0.0000	0.0000	0.0000	0.0000	0.0000	0.0000	0.0000	0.0000	0.0000	
11	0.0000	0.0000	0.0000	0.0000	0.0000	0.0000	0.0000	0.0000	0.0000	0.0000	0.0000	0.0000	0.0000	0.0000	0.0000	0.0000	0.0000	0.0000	0.0000	0.0000	0.0000	0.0000	0.0000	0.0000	0.0000	0.0000	0.0000	0.0000	0.0000	0.0000	0.0000	0.0000	0.0000	0.0000	0.0000	0.0000	0.0000	0.0000	0.0000	0.0000	0.0000	0.0000	0.0000	0.0000	0.0000	0.0000	0.0000	0.0000	0.0000	0.0000	
12	0.0000	0.0000	0.0000	0.0000	0.0000	0.0000	0.0000	0.0000	0.0000	0.0000	0.0000	0.0000	0.0000	0.0000	0.0000	0.0000	0.0000	0.0000	0.0000	0.0000	0.0000	0.0000	0.0000	0.0000	0.0000	0.0000	0.0000	0.0000	0.0000	0.0000	0.0000	0.0000	0.0000	0.0000	0.0000	0.0000	0.0000	0.0000	0.0000	0.0000	0.0000	0.0000	0.0000	0.0000	0.0000	0.0000	0.0000	0.0000	0.0000	0.0000	
13	0.0000	0.0000	0.0000	0.0000	0.0000	0.0000	0.0000	0.0000	0.0000	0.0000	0.0000	0.0000	0.0000	0.0000	0.0000	0.0000	0.0000	0.0000	0.0000	0.0000	0.0000	0.0000	0.0000	0.0000	0.0000	0.0000	0.0000	0.0000	0.0000	0.0000	0.0000	0.0000	0.0000	0.0000	0.0000	0.0000	0.0000	0.0000	0.0000	0.0000	0.0000	0.0000	0.0000	0.0000	0.0000	0.0000	0.0000	0.0000	0.0000	0.0000	
14	0.0000	0.0000	0.0000	0.0000	0.0000	0.0000	0.0000	0.0000	0.0000	0.0000	0.0000	0.0000	0.0000	0.0000	0.0000	0.0000	0.0000	0.0000	0.0000	0.0000	0.0000	0.0000	0.0000	0.0000	0.0000	0.0000	0.0000	0.0000	0.0000	0.0000	0.0000	0.0000	0.0000	0.0000	0.0000	0.0000	0.0000	0.0000	0.0000	0.0000	0.0000	0.0000	0.0000	0.0000	0.0000	0.0000	0.0000	0.0000	0.0000	0.0000	
15	0.0000	0.0000	0.0000	0.0000	0.0000	0.0000	0.0000	0.0000	0.0000	0.0000	0.0000	0.0000	0.0000	0.0000	0.0000	0.0000	0.0000	0.0000	0.0000	0.0000	0.0000	0.0000	0.0000	0.0000	0.0000	0.0000	0.0000	0.0000	0.0000	0.0000	0.0000	0.0000	0.0000	0.0000	0.0000	0.0000	0.0000	0.0000	0.0000	0.0000	0.0000	0.0000	0.0000	0.0000	0.0000	0.0000	0.0000	0.0000	0.0000	0.0000	
16	0.0000	0.0000	0.0000	0.0000	0.0000	0.0000	0.0000	0.0000	0.0000	0.0000	0.0000	0.0000	0.0000	0.0000	0.0000	0.0000	0.0000	0.0000	0.0000	0.0000	0.0000	0.0000	0.0000	0.0000	0.0000	0.0000	0.0000	0.0000	0.0000	0.0000	0.0000	0.0000	0.0000	0.0000	0.0000	0.0000	0.0000	0.0000	0.0000	0.0000	0.0000	0.0000	0.0000	0.0000	0.0000	0.0000	0.0000	0.0000	0.0000	0.0000	
17	0.0000	0.0000	0.0000	0.0000	0.0000	0.0000	0.0000	0.0000	0.0000	0.0000	0.0000	0.0000	0.0000	0.0000	0.0000	0.0000	0.0000	0.0000	0.0000	0.0000	0.0000	0.0000	0.0000	0.0000	0.0000	0.0000	0.0000	0.0000	0.0000	0.0000	0.0000	0.0000	0.0000	0.0000	0.0000	0.0000	0.0000	0.0000	0.0000	0.0000	0.0000	0.0000	0.0000	0.0000	0.0000	0.0000	0.0000	0.0000	0.0000	0.0000	
18	0.0000	0.0000	0.0000	0.0000	0.0000	0.0000	0.0000	0.0000	0.0000	0.0000	0.0000	0.0000	0.0000	0.0000	0.0000	0.0000	0.0000	0.0000	0.0000	0.0000	0.0000	0.0000	0.0000	0.0000	0.0000	0.0000	0.0000	0.0000	0.0000	0.0000	0.0000	0.0000	0.0000	0.0000	0.0000	0.0000	0.0000	0.0000	0.0000	0.0000	0.0000	0.0000	0.0000	0.0000	0.0000	0.0000	0.0000	0.0000	0.0000	0.0000	
19	0.0000	0.0000	0.0000	0.0000	0.0000	0.0000	0.0000	0.0000	0.0000	0.0000	0.0000	0.0000	0.0000	0.0000	0.0000	0.0000	0.0000	0.0000	0.0000	0.0000	0.0000	0.0000	0.0000	0.0000	0.0000	0.0000	0.0000	0.0000	0.0000	0.0000	0.0000	0.0000	0.0000	0.0000	0.0000	0.0000	0.0000	0.0000	0.0000	0.0000	0.0000	0.0000	0.0000	0.0000	0.0000	0.0000	0.0000	0.0000	0.0000	0.0000	
20	0.0000	0.0000	0.0000	0.0000	0.0000	0.0000	0.0000	0.0000	0.0000	0.0000	0.0000	0.0000	0.0000	0.0000	0.0000	0.0000	0.0000	0.0000	0.0000	0.0000	0.0000	0.0000	0.0000	0.0000	0.0000	0.0000	0.0000	0.0000	0.0000	0.0000	0.0000	0.0000	0.0000	0.0000	0.0000	0.0000	0.0000	0.0000	0.0000	0.0000	0.0000	0.0000	0.0000	0.0000	0.0000	0.0000	0.0000	0.0000	0.0000	0.0000	
21	0.0000	0.0000	0.0000	0.0000	0.0000	0.0000	0.0000	0.0000	0.0000	0.0000	0.0000	0.0000	0.0000	0.0000	0.0000	0.0000	0.0000	0.0000	0.0000	0.0000	0.0000	0.0000	0.0000	0.0000	0.0000	0.0000	0.0000	0.0000	0.0000	0.0000	0.0000	0.0000	0.0000	0.0000	0.0000	0.0000	0.0000	0.0000	0.0000	0.0000	0.0000	0.0000	0.0000	0.0000	0.0000	0.0000	0.0000	0.0000	0.0000	0.0000	
22	0.0000	0.0000	0.0000	0.0000	0.0000	0.0000	0.0000	0.0000	0.0000	0.0000	0.0000	0.0000	0.0000	0.0000	0.0000	0.0000	0.0000	0.0000	0.0000	0.0000	0.0000	0.0000	0.0000	0.0000	0.0000	0.0000	0.0000	0.0000	0.0000	0.0000	0.0000	0.0000	0.0000	0.0000	0.0000	0.0000	0.0000	0.0000	0.0000	0.0000	0.0000	0.0000	0.0000	0.0000	0.0000	0.0000	0.0000	0.0000	0.0000	0.0000	
23	0.0000	0.0000	0.0000	0.0000	0.0000	0.0000	0.0000	0.0000	0.0000	0.0000	0.0000	0.0000	0.0000	0.0000	0.0000	0.0000	0.0000	0.0000	0.0000	0.0000	0.0000	0.0000	0.0000	0.0000	0.0000	0.0000	0.0000	0.0000	0.0000	0.0000	0.0000	0.0000	0.0000	0.0000	0.0000	0.0000	0.0000	0.0000	0.0000	0.0000	0.0000	0.0000	0.0000	0.0000	0.0000	0.0000	0.0000	0.0000	0.0000	0.0000	
24	0.0000	0.0000	0.0000	0.0000	0.0000	0.0000	0.0000	0.0000	0.0000	0.0000	0.0000	0.0000	0.0000	0.0000	0.0000	0.0000	0.0000	0.0000	0.0000	0.0000	0.0000	0.0000	0.0000	0.0000	0.0000	0.0000	0.0000	0.0000	0.0000	0.0000	0.0000	0.0000	0.0000	0.0000	0.0000	0.0000	0.0000	0.0000	0.0000	0.0000	0.0000	0.0000	0.0000	0.0000	0.0000	0.0000	0.0000	0.0000	0.0000	0.0000	
25	0.0000	0.0000	0.0000	0.0000	0.0000	0.0000	0.0000	0.0000	0.0000	0.0000	0.0000	0.0000	0.0000	0.0000	0.0000	0.0000	0.0000	0.0000	0.0000	0.0000	0.0000	0.0000	0.0000	0.0000	0.0000	0.0000	0.0000	0.0000	0.0000	0.0000	0.0000	0.0000	0.0000	0.0000	0.0000	0.0000	0.0000	0.0000	0.0000	0.0000	0.0000	0.0000	0.0000	0.0000	0.0000	0.0000	0.0000	0.0000	0.0000	0.0000	
26	0.0000	0.0000	0.0000	0.0000	0.0000	0.0000	0.0000	0.0000	0.0000	0.0000	0.0000	0.0000	0.0000	0.0000	0.0000	0.0000	0.0000	0.0000	0.0000	0.0000	0.0000	0.0000	0.0000	0.0000	0.0000	0.0000	0.0000	0.0000	0.0000	0.0000	0.0000	0.0000	0.0000	0.0000	0.0000	0.0000	0.0000	0.0000	0.0000	0.0000	0.0000	0.0000	0.0000	0.0000	0.0000	0.0000	0.0000	0.0000	0.0000	0.0000	
27	0.0000	0.0000	0.0000	0.0000	0.0000	0.0000	0.0000	0.0000	0.0000	0.0000	0.0000	0.0000	0.0000	0.0000	0.0000	0.0000	0.0000	0.0000	0.0000	0.0000	0.0000	0.0000	0.0000	0.0000	0.0000	0.0000	0.0000	0.0000	0.0000	0.0000	0.0000	0.0000	0.0000	0.0000	0.0000	0.0000	0.0000	0.0000	0.0000	0.0000	0.0000	0.0000	0.0000	0.0000	0.0000	0.0000	0.0000	0.0000	0.0000	0.0000	
28	0.0000	0.0000	0.0000	0.0000	0.0000	0.0000	0.0000	0.0000	0.0000	0.0000	0.0000	0.0000	0.0000	0.0000	0.0000	0.0000	0.0000	0.0000	0.0000	0.0000	0.0000	0.0000	0.0000	0.0000	0.0000	0.0000	0.0000	0.0000	0.0000	0.0000	0.0000	0.0000	0.0000	0.0000	0.0000	0.0000	0.0000	0.0000	0.0000	0.0000	0.0000	0.0000	0.0000	0.0000	0.0000	0.0000	0.0000	0.0000	0.0000	0.0000	
29	0.0000	0.0000	0.0000	0.0000	0.0000	0.0000	0.0000	0.0000	0.0000	0.0000	0.0000	0.0000	0.0000	0.0000	0.0000	0.0000	0.0000	0.0000	0.0000	0.0000	0.0000	0.0000	0.0000	0.0000	0.0000	0.0000	0.0000	0.0000	0.0000	0.0000	0.0000	0.0000	0.0000	0.0000	0.0000	0.0000	0.0000	0.0000	0.0000	0.0000	0.0000	0.0000	0.0000	0.0000	0.0000	0.0000	0.0000	0.0000	0.0000	0.0000	
30	0.0000	0.0000	0.0000	0.0000	0.0000	0.0000	0.0000	0.0000	0.0000	0.0000	0.0000	0.0000	0.0000	0.0000	0.0000	0.0000	0.0000	0.0000	0.0000	0.0000	0.0000	0.0000	0.0000	0.0000	0.0000	0.0000	0.0000	0.0000	0.0000	0.0000	0.0000	0.0000	0.0000	0.0000	0.0000	0.0000	0.0000	0.0000	0.0000	0.0000	0.0000	0.0000	0.0000	0.0000	0.0000	0.0000	0.0000	0.0000	0.0000	0.0000	
31	0.0000	0.0000	0.0000	0.0000	0.0000	0.0000	0.0000	0.0000	0.0000	0.0000	0.0000	0.0000	0.0000	0.0000	0.0000	0.0000	0.0000	0.0000	0.0000	0.0000	0.0000	0.0000	0.0000	0.0000	0.0000	0.0000	0.0000	0.0000	0.0000	0.0000	0.0000	0.0000	0.0000	0.0000	0.0000	0.0000	0.0000	0.0000	0.0000	0.0000	0.0000	0.0000	0.0000	0.0000	0.0000	0.0000	0.0000	0.0000	0.0000	0.0000	
32	0.0000	0.0000	0.0000	0.0000	0.0000	0.0000	0.0000	0.0000	0.0000	0.0000	0.0000	0.0000	0.0000	0.0000	0.0000	0.0000	0.0000	0.0000	0.0000	0.0000	0.0000	0.0000	0.0000	0.0000	0.0000	0.0000	0.0000	0.0000	0.0000	0.0000	0.0000	0.0000	0.0000	0.0000	0.0000	0.0000	0.0000	0.0000	0.0000	0.0000	0.0000	0.0000	0.0000	0.0000	0.0000	0.0000	0.0000	0.0000	0.0000	0.0000	
33	0.0000	0.0000	0.0000	0.0000	0.0000	0.0000	0.0000	0.0000	0.0000	0.0000	0.0000	0.0000	0.0000	0.0000	0.0000	0.0000	0.0000	0.0000	0.0000	0.0000	0.0000	0.0000	0.0000	0.0000	0.0000	0.0000	0.0000	0.0000	0.0000	0.0000	0.0000	0.0000	0.0000	0.0000	0.0000	0.0000	0.0000	0.0000	0.0000	0.0000	0.0000	0.0000	0.0000	0.0000	0.0000	0.0000	0.0000	0.0000	0.0000	0.0000	
34	0.0000	0.0000	0.0000	0.0000	0.0000	0.0000	0.0000	0.0000	0.0000	0.0000	0.0000	0.0000	0.0000	0.0000	0.0000	0.0000	0.0000	0.0000	0.0000	0.0000	0.0000	0.0000	0.0000	0.0000	0.0000	0.0000	0.0000	0.0000	0.0000	0.0000	0.0000	0.0000	0.0000	0.0000	0.0000	0.0000	0.0000	0.0000	0.0000	0.0000	0.0000	0.0000	0.0000	0.0000	0.0000	0.0000	0.0000	0.0000	0.0000	0.0000	
35	0.0000	0.0000	0.0000	0.0000	0.0000	0.0000	0.0000	0.0000	0.0000	0.0000	0.0000	0.0000	0.0000	0.0000	0.0000	0.0000	0.0000	0.0000	0.0000	0.0000	0.0000	0.0000	0.0000	0.0000	0.0000	0.0000	0.0000	0.0000	0.0000	0.0000	0.0000	0.0000	0.0000	0.0000	0.0000	0.0000	0.0000	0.0000	0.0000	0.0000	0.0000	0.0000	0.0000	0.0000	0.0000	0.0000	0.0000	0.0000	0.0000	0.0000	
36	0.0000	0.0000	0.0000	0.0000	0.0000	0.0000	0.0000	0.0000	0.0000	0.0000	0.0000	0.0000	0.0000	0.0000	0.0000	0.0000	0.0000	0.0000	0.0000	0.0000	0.0000	0.0000	0.0000	0.0000	0.0000	0.0000	0.0000	0.0000	0.0000	0.0000	0.0000	0.0000	0.0000	0.0000	0.0000	0.0000	0.0000	0.0000	0.0000	0.0000	0.0000	0.0000	0.0000	0.0000	0.0000	0.0000	0.0000	0.0000	0.0000	0.0000	
37	0.0000	0.0000	0.0000	0.0000	0.0000	0.0000	0.0000	0.0000	0.0000	0.0000	0.0000	0.0000	0.0000	0.0000	0.0000	0.0000	0.0000	0.0000	0.0000	0.0000	0.0000	0.0000	0.0000	0.0000	0.0000	0.0000	0.0000	0.0000	0.0000	0.0000	0.0000	0.0000	0.0000	0.0000	0.0000	0.0000	0.0000	0.0000	0.0000	0.0000	0.0000	0.0000	0.0000	0.0000	0.0000	0.0000	0.0000	0.0000	0.0000	0.0000	
38	0.0000	0.0000	0.0000	0.0000	0.0000	0.0000	0.0000	0.0000	0.0000	0.0000	0.0000	0.0000	0.0000	0.0000	0.0000	0.0000	0.0000	0.0000	0.0000	0.0000	0.0000	0.0000	0.0000	0.0000	0.0000	0.0000	0.0000	0.0000	0.0000	0.0000	0.0000	0.0000	0.0000	0.0000	0.0000	0.0000	0.0000	0.0000	0.0000	0.0000	0.0000	0.0000	0.0000	0.0000	0.0000	0.0000	0.0000	0.0000	0.0000	0.0000	
39	0.0000	0.0000	0.0000	0.0000	0.0000	0.0000	0.0000	0.0000	0.0000	0.0000	0.0000	0.0000	0.0000	0.0000	0.0000	0.0000	0.0000	0.0000	0.0000	0.0000	0.0000	0.0000	0.0000	0.0000	0.0000	0.0000	0.0000	0.0000	0.0000	0.0000	0.0000	0.0000	0.0000	0.0000	0.0000	0.0000	0.0000	0.0000	0.0000	0.0000	0.0000	0.0000	0.0000	0.0000	0.0000	0.0000	0.0000	0.0000	0.0000	0.0000	
40	0.0000	0.0000	0.0000	0.0000	0.0000	0.0000	0.0000	0.0000	0.0000	0.0000	0.0000	0.0000	0.0000	0.0000	0.0000	0.0000	0.0000	0.0000	0.0000	0.0000	0.0000	0.0000	0.0000	0.0000	0.0000	0.0000	0.0000	0.0000	0.0000	0.0000	0.0000	0.0000	0.0000	0.0000	0.0000	0.0000	0.0000	0.0000	0.0000	0.0000	0.0000	0.0000	0.0000	0.0000	0.0000	0.0000	0.0000	0.0000	0.0000	0.0000	
41	0.0000	0.0000	0.0000	0.0000	0.0000	0.0000	0.0000	0.0000	0.0000	0.0000	0.0000	0.0000	0.0000	0.0000	0.0000	0.0000	0.0000	0.0000	0.0000	0.0000	0.0000	0.0000	0.0000	0.0000	0.0000	0.0000	0.0000	0.0000	0.0000	0.0000	0.0000	0.0000	0.0000	0.0000	0.0000	0.0000	0.0000	0.0000	0.0000	0.0000	0.0000	0.0000	0.0000	0.0000	0.0000	0.0000	0.0000	0.0000	0.0000	0.0000	
42	0.0000	0.0000	0.0000	0.0000	0.0000	0.0000	0.0000	0.0000	0.0000	0.0000	0.0000	0.0000	0.0000	0.0000	0.0000	0.0000	0.0000	0.0000	0.0000	0.0000	0.0000	0.0000	0.0000	0.0000	0.0000	0.0000	0.0000	0.0000	0.0000	0.0000	0.0000	0.0000	0.0000	0.0000	0.0000	0.0000	0.0000	0.0000	0.0000	0.0000	0.0000	0.0000	0.0000	0.0000	0.0000	0.0000	0.0000	0.0000	0.0000	0.0000	
43	0.0000	0.0000	0.0000	0.0000	0.0000	0.0000	0.0000	0.0000	0.0000	0.0000	0.0000	0.0000	0.0000	0.0000	0.0000	0.0000	0.0000	0.0000	0.0000	0.0000	0.0000	0.0000	0.0000	0.0000	0.0000	0.0000	0.0000	0.0000	0.0000	0.0000	0.0000	0.0000	0.0000	0.0000	0.0000	0.0000	0.0000	0.0000	0.0000	0.0000	0.0000	0.0000	0.0000	0.0000	0.0000	0.0000	0.0000	0.0000	0.0000	0.0000	
44	0.0000	0.0000	0.0000	0.0000	0.0000	0.0000	0.0000	0.0000	0.0000	0.0000	0.0000	0.0000	0.0000	0.0000	0.0000	0.0000	0.0000	0.0000	0.0000	0.0000	0.0000	0.0000	0.0000	0.0000	0.0000	0.0000	0.0000	0.0000	0.0000	0.0000	0.0000	0.0000	0.0000	0.0000	0.0000	0.0000	0.0000	0.0000	0.0000	0.0000	0.0000	0.0000	0.0000	0.0000	0.0000	0.0000	0.0000	0.0000	0.0000	0.0000	
45	0.0000	0.0000	0.0000	0.0000	0.0000	0.0000	0.0000	0.0000	0.0000	0.0000	0.0000	0.0000	0.0000	0.0000	0.0000	0.0000	0.0000	0.0000	0.0000	0.0000	0.0000	0.0000	0.0000	0.0000	0.0000	0.0000	0.0000	0.0000	0.0000	0.0000	0.0000	0.0000	0.0000	0.0000	0.0000	0.0000	0.0000	0.0000	0.0000	0.0000	0.0000	0.0000	0.0000	0.0000	0.0000	0.0000	0.0000	0.0000	0.0000	0.0000	
46	0.0000	0.0000	0.0000	0.0000	0.0000	0.0000	0.0000	0.0000	0.0000	0.0000	0.0000	0.0000	0.0000	0.0000	0.0000	0.0000	0.0000	0.0000	0.0000	0.0000	0.0000	0.0000	0.0000	0.0000	0.0000	0.0000	0.0000	0.0000	0.0000	0.0000	0.0000	0.0000	0.0000	0.0000	0.0000	0.0000	0.0000	0.0000	0.0000	0.0000	0.0000	0.0000	0.0000	0.0000	0.0000	0.0000	0.0000	0.0000	0.0000	0.0000	
47	0.0000	0.0000	0.0000	0.0000	0.0000	0.0000	0.0000	0.0000	0.0000	0.0000	0.0000	0.0000	0.0000	0.0000	0.0000	0.0000	0.0000	0.0000	0.0000	0.0000	0.0000	0.0000	0.0000	0.0000	0.0000	0.0000	0.0000	0.0000	0.0000	0.0000	0.0000	0.0000	0.0000	0.0000	0.0000	0.0000	0.0000	0.0000	0.0000	0.0000	0.0000	0.0000	0.0000	0.0000	0.0000	0.0000	0.0000	0.0000	0.0000	0.0000	
48	0.0000	0.0000	0.0000	0.0000	0.0000	0.0000	0.0000	0.0000	0.0000	0.0000	0.0000	0.0000	0.0000	0.0000	0.0000	0.0000	0.0000	0.0000	0.0000	0.0000	0.0000	0.0000	0.0000	0.0000	0.0000	0.0000	0.0000	0.0000	0.0000	0.0000	0.0000	0.0000	0.0000	0.0000	0.0000	0.0000	0.0000	0.0000	0.0000	0.0000	0.0000	0.0000	0.0000	0.0000	0.0000	0.0000	0.0000	0.0000	0.0000	0.0000	
49	0.0000	0.0000	0.0000	0.0000	0.0000	0.0000	0.0000	0.0000	0.0000	0.0000	0.0000	0.0000	0.0000	0.0000	0.0000	0.0000	0.0000	0.0000	0.0000	0.0000	0.0000	0.0000	0.0000	0.0000	0.0000	0.0000	0.0000	0.0000	0.0000	0.0000	0.0000	0.0000	0.0000	0.0000	0.0000	0.0000	0.0000	0.0000	0.0000	0.0000	0.0000	0.0000	0.0000	0.0000	0.0000	0.0000	0.0000	0.0000	0.0000	0.0000	
50	0.0000	0.0000	0.0000	0.0000	0.0000	0.0000	0.0000	0.0000	0.0000	0.0000	0.0000	0.0000	0.0000	0.0000	0.0000	0.0000	0.0000	0.0000	0.0000	0.0000	0.0000	0.0000	0.0000	0.0000	0.0000	0.0000	0.0000	0.0000	0.0000	0.0000	0.0000	0.0000	0.0000	0.0000	0.0000	0.0000	0.0000	0.0000	0.0000	0.0000	0.0000	0.0000	0.0000	0.0000	0.0000	0.0000	0.0000	0.0000	0.0000	0.0000	
51	0.0000	0.0000	0.0000	0.0000	0.0000	0.0000	0.0000	0.0000	0.0000	0.0000	0.0000	0.0000	0.0000	0.0000	0.0000	0.0000	0.0000	0.0000	0.0000	0.0000	0.0000	0.0000	0.0000	0.0000	0.0000	0.0000	0.0000	0.0000	0.0000	0.0000	0.0000	0.0000	0.0000	0.0000	0.0000	0.0000	0.0000	0.0000	0.0000	0.0000	0.0000	0.0000	0.0000	0.0000	0.0000	0.0000	0.0000	0.0000	0.0000	0.0000	
52	0.0000	0.0000	0.0000	0.0000	0.0000	0.0000	0.0000	0.0000	0.0000	0.0000	0.0000	0.0000	0.0000	0.0000	0.0000	0.0000	0.0000	0.0000	0.0000	0.0000	0.0000	0.0000	0.0000	0.0000	0.0000	0.0000	0.0000	0.0000	0.0000	0.0000	0.0000	0.0000	0.0000	0.0000	0.0000	0.0000	0.0000	0.0000	0.0000	0.0000	0.0000	0.0000	0.0000	0.0000	0.0000	0.0000	0.0000	0.0000	0.0000	0.0000	
53	0.0000	0.0000	0.0000	0.0000	0.0000	0.0000	0.0000	0.0000	0.0000	0.0000	0.0000	0.0000	0.0000	0.0000	0.0000	0.0000	0.0000	0.0000	0.0000	0.0000	0.0000	0.0000	0.0000	0.0000	0.0000	0.0000	0.0000	0.0000	0.0000	0.0000	0.0000	0.0000	0.0000	0.0000	0.0000	0.0000	0.0000	0.0000	0.0000	0.0000	0.0000	0.0000	0.0000	0.0000	0.0000	0.0000	0.0000	0.0000	0.0000	0.0000	
54	0.0000	0.0000	0.0000	0.0000	0.0000	0.0000	0.0000	0.0000	0.0000	0.0000	0.0000	0.0000	0.0000	0.0000	0.0000	0.0000	0.0000	0.0000	0.0000	0.0000	0.0000	0.0000	0.0000	0.0000	0.0000	0.0000	0.0000	0.0000	0.0000	0.0000	0.0000	0.0000	0.0000	0.0000	0.0000	0.0000	0.0000	0.0000	0.0000	0.0000	0.0000	0.0000	0.0000	0.0000	0.0000	0.0000	0.0000	0.0000	0.0000	0.0000	
55	0.0000	0.0000	0.0000	0.0000	0.0000	0.0000	0.0000	0.0000	0.0000	0.0000	0.0000	0.0000	0.0000	0.0000	0.0000	0.0000	0.0000	0.0000	0.0000	0.0000	0.0000	0.0000	0.0000	0.0000	0.0000	0.0000	0.0000	0.0000	0.0000	0.0000	0.0000	0.0000	0.0000	0.0000	0.0000	0.0000	0.0000	0.0000	0.0000	0.0000	0.0000	0.0000	0.0000	0.0000	0.0000	0.0000	0.0000	0.0000	0.0000	0.0000	
56	0.0000	0.0000	0.0000	0.0000	0.0000	0.0000	0.0000	0.0000	0.0000	0.0000	0.0000	0.0000	0.0000	0.0000	0.0000	0.0000	0.0000	0.0000	0.0000	0.0000	0.0000	0.0000	0.0000	0.0000	0.0000	0.0000	0.0000	0.0000	0.0000	0.0000	0.0000	0.0000	0.0000	0.0000	0.0000	0.0000	0.0000	0.0000	0.0000	0.0000	0.0000	0.0000	0.0000	0.0000	0.0000	0.0000	0.0000	0.0000	0.0000	0.0000	
57	0.0000	0.0000	0.0000	0.0000	0.0000	0.0000	0.0000	0.0000	0.0000	0.0000	0.0000	0.0000	0.0000	0.0000	0.0000	0.0000	0.0000	0.0000	0.0000	0.0000	0.0000	0.0000	0.0000	0.0000	0.0000	0.0000	0.0000	0.0000	0.0000	0.0000	0.0000	0.0000	0.0000	0.0000	0.0000	0.0000	0.0000	0.0000	0.0000	0.0000	0.0000	0.0000	0.0000	0.0000	0.0000	0.0000	0.0000	0.0000	0.0000	0.0000	
58	0.0000	0.0000	0.0000	0.0000	0.0000	0.0000	0.0000	0.0000	0.0000	0.0000	0.0000	0.0000	0.0000	0.0000	0.0000	0.0000	0.0000	0.0000	0.0000	0.0000	0.0000	0.0000	0.0000	0.0000	0.0000	0.0000	0.0000	0.0000	0.0000	0.0000	0.0000	0.0000	0.0000	0.0000	0.0000	0.0000	0.0000	0.0000	0.0000	0.0000	0.0000	0.0000	0.0000	0.0000	0.0000	0.0000	0.0000	0.0000	0.0000	0.0000	
59	0.0000	0.0000	0.0000	0.0000	0.0000	0.0000	0.0000	0.0000	0.0000	0.0000	0.0000	0.0000	0.0000	0.0000	0.0000	0.0000	0.0000	0.0000	0.0000	0.0000	0.0000	0.0000	0.0000	0.0000	0.0000	0.0000	0.0000	0.0000	0.0000	0.0000	0.0000	0.0000	0.0000	0.0000	0.0000	0.0000	0.0000	0.0000	0.0000	0.0000	0.0000	0.0000	0.0000	0.0000	0.0000	0.0000	0.0000	0.0000	0.0000	0.0000	
60	0.0000	0.0000	0.0000	0.0000	0.0000	0.0000	0.0000	0.0000	0.0000	0.0000	0.0000	0.0000	0.0000	0.0000	0.0000	0.0000	0.0000	0.0000	0.0000	0.0000	0.0000	0.0000	0.0000	0.0000	0.0000	0.0000	0.0000	0.0000	0.0000	0.0000	0.0000	0.0000	0.0000	0.0000	0.0000	0.0000	0.0000	0.0000	0.0000	0.0000	0.0000	0.0000	0.0000	0.0000	0.0000	0.0000	0.0000	0.0000	0.0000	0.0000	
61	0.0000	0.0000	0.0000	0.0000	0.0000	0.0000	0.0000	0.0000	0.0000	0.0000	0.0000	0.0000	0.0000	0.0000	0.0000	0.0000	0.0000	0.0000	0.0000	0.0000	0.0000	0.0000	0.0000	0.0000	0.0000	0.0000	0.0000	0.0000	0.0000	0.0000	0.0000	0.0000	0.0000	0.0000	0.0000	0.0000	0.0000	0.0000	0.0000	0.0000	0.0000	0.0000	0.0000	0.0000	0.0000	0.0000	0.0000	0.0000	0.0000	0.0000	
62	0.0000	0.0000	0.0000	0.0000	0.0000	0.0000	0.0000	0.0000	0.0000	0.0000	0.0000	0.0000	0.0000	0.0000	0.0000	0.0000	0.0000	0.0000	0.0000	0.0000	0.0000	0.0000	0.0000	0.0000	0.0000	0.0000	0.0000	0.0000	0.0000	0.0000	0.0000	0.0000	0.0000	0.0000	0.0000	0.0000	0.0000	0.0000	0.0000	0.0000	0.0000	0.0000	0.0000	0.0000	0.0000	0.0000	0.0000	0.0000	0.0000	0.0000	
63	0.0000	0.0000	0.0000	0.0000	0.0000	0.0000	0.0000	0.0000	0.0000	0.0000	0.0000	0.0000	0.0000	0.0000	0.0000	0.0000	0.0000	0.0000	0.0000	0.0000	0.0000	0.0000	0.0000	0.0000	0.0000	0.0000	0.0000	0.0000	0.0000	0.0000	0.0000	0.0000	0.0000	0.0000	0.0000	0.0000	0.0000	0.0000	0.0000	0.0000	0.0000	0.0000	0.0000	0.0000	0.0000	0.0000	0.0000	0.0000	0.0000	0.0000	
64	0.0000	0.0000	0.0000	0.0000	0.0000	0.0000	0.0000	0.0000	0.0000	0.0000	0.0000	0.0000	0.0000	0.0000	0.0000	0.0000	0.0000	0.0000	0.0000	0.0000	0.0000	0.0000	0.0000	0.0000	0.0000	0.0000	0.0000	0.0000	0.0000	0.0000	0.0000	0.0000	0.0000	0.0000	0.0000	0.0000	0.0000	0.0000	0.0000	0.0000	0.0000	0.0000	0.0000	0.0000	0.0000	0.0000	0.0000	0.0000	0.0000	0.0000	
65	0.0000	0.0000	0.0000	0.0000	0.0000	0.0000	0.0000	0.0000	0.0000	0.0000	0.0000	0.0000	0.0000	0.0000	1.0000	0.0000	0.0000	0.0000	0.0000	0.0000	0.0000	0.0000	0.0000	0.0000	0.0000	0.0000	0.0000	0.0000	0.0000	0.0000	0.0000	0.0000	0.0000	0.0000	0.0000	0.0000	0.0000	0.0000	0.0000	0.0000	0.0000	0.0000	0.0000	0.0000	0.0000	0.0000	0.0000	0.0000	0.0000	0.0000	
66	0.0000	0.0000	0.0000	0.0000	0.0000	0.0000	0.0000	0.0000	0.0000	0.0000	0.0000	0.0000	0.0000	0.0000	0.0000	0.0000	0.0000	0.0000	0.0000	0.0000	0.0000	0.0000	0.0000	0.0000	0.0000	0.0000	0.0000	0.0000	0.0000	0.0000	0.0000	0.0000	0.0000	0.0000	0.0000	0.0000	0.0000	0.0000	0.0000	0.0000	0.0000	0.0000	0.0000	0.0000	0.0000	0.0000	0.0000	0.0000	0.0000	0.0000	
67	0.0000	0.0000	0.0000	0.0000	0.0000	0.0000	0.0000	0.0000	0.0000	0.0000	0.0000	0.0000	0.0000	0.0000	0.0000	0.0000	0.0000	0.0000	0.0000	0.0000	0.0000	0.0000	0.0000	0.0000	0.0000	0.0000	0.0000	0.0000	0.0000	0.0000	0.0000	0.0000	0.0000	0.0000	0.0000	0.0000	0.0000	0.0000	0.0000	0.0000	0.0000	0.0000	0.0000	0.0000	0.0000	0.0000	0.0000	0.0000	0.0000	0.0000	
68	0.0000	0.0000	0.0000	0.0000	0.0000	0.0000	0.0000	0.0000	0.0000	0.0000	0.0000	0.0000	0.0000	0.0000	0.0000	0.0000	0.0000	0.0000	0.0000	0.0000	0.0000	0.0000	0.0000	0.0000	0.0000	0.0000	0.0000	0.0000	0.0000	0.0000	0.0000	0.0000	0.0000	0.0000	0.0000	0.0000	0.0000	0.0000	0.0000	0.0000	0.0000	0.0000	0.0000	0.0000	0.0000	0.0000	0.0000	0.0000	0.0000	0.0000	
69	0.0000	0.0000	0.0000	0.0000	0.0000	0.0000	0.0000	0.0000	0.0000	0.0000	0.0000	0.0000	0.0000	0.0000	0.0000	0.0000	0.0000	0.0000	0.0000	0.0000	0.0000	0.0000	0.0000	0.0000	0.0000	0.0000	0.0000	0.0000	0.0000	0.0000	0.0000	0.0000	0.0000	0.0000	0.0000	0.0000	0.0000	0.0000	0.0000	0.0000	0.0000	0.0000	0.0000	0.0000	0.0000	0.0000	0.0000	0.0000	0.0000	0.0000	
70	0.0000	0.0000	0.0000	0.0000	0.0000	0.0000	0.0000	0.0000	0.0000	0.0000	0.0000	0.0000	0.0000	0.0000	0.0000	0.0000	0.0000	0.0000	0.0000	0.0000	0.0000	0.0000	0.0000	0.0000	0.0000	0.0000	0.0000	0.0000	0.0000	0.0000	0.0000	0.0000	0.0000	0.0000	0.0000	0.0000	0.0000	0.0000	0.0000	0.0000	0.0000	0.0000	0.0000	0.0000	0.0000	0.0000	0.0000	0.0000	0.0000	0.0000	
71	0.0000	0.0000	0.0000	0.0000	0.0000	0.0000	0.0000	0.0000	0.0000	0.0000	0.0000	0.0000	0.0000	0.0000	0.0000	0.0000	0.0000	0.0000	0.0000	0.0000	0.0000	0.0000	0.0000	0.0000	0.0000	0.0000	0.0000	0.0000	0.0000	0.0000	0.0000	0.0000	0.0000	0.0000	0.0000	0.0000	0.0000	0.0000	0.0000	0.0000	0.0000	0.0000	0.0000	0.0000	0.0000	0.0000	0.0000	0.0000	0.0000	0.0000	
72	0.0000	0.0000	0.0000	0.0000	0.0000	0.0000	0.0000	0.0000	0.0000	0.0000	0.0000	0.0000	0.0000	0.0000	0.0000	0.0000	0.0000	0.0000	0.0000	0.0000	0.0000	0.0000	0.0000	0.0000	0.0000	0.0000	0.0000	0.0000	0.0000	0.0000	0.0000	0.0000	0.0000	0.0000	0.0000	0.0000	0.0000	0.0000	0.0000	0.0000	0.0000	0.0000	0.0000	0.0000	0.0000	0.0000	0.0000	0.0000	0.0000	0.0000	
73	0.0000	0.0000	0.0000	0.0000	0.0000	0.0000	0.0000	0.0000	0.0000	0.0000	0.0000	0.0000	0.0000	0.0000	0.0000	0.0000	0.0000	0.0000	0.0000	0.0000	0.0000	0.0000	0.0000	0.0000	0.0000	0.0000	0.0000	0.0000	0.0000	0.0000	0.0000	0.0000	0.0000	0.0000	0.0000	0.0000	0.0000	0.0000	0.0000	0.0000	0.0000	0.0000	0.0000	0.0000	0.0000	0.0000	0.0000	0.0000	0.0000	0.0000	
74	0.0000	0.0000	0.0000	0.0000	0.0000	0.0000	0.0000	1.0000	0.0000	0.0000	0.0000	0.0000	0.0000	0.0000	0.0000	0.0000	0.0000	0.0000	0.0000	0.0000	0.0000	0.0000	0.0000	0.0000	0.0000	0.0000	0.0000	0.0000	0.0000	0.0000	0.0000	0.0000	0.0000	0.0000	0.0000	0.0000	0.0000	0.0000	0.0000	0.0000	0.0000	0.0000	0.0000	0.0000	0.0000	0.0000	0.0000	0.0000	0.0000	0.0000	
75	0.0000	0.0000	0.0000	0.0000	0.0000	0.0000	0.0000	0.0000	0.0000	0.0000	0.0000	0.0000	0.0000	0.0000	0.0000	0.0000	0.0000	0.0000	0.0000	0.0000	0.0000	0.0000	0.0000	0.0000	0.0000	0.0000	0.0000	0.0000	0.0000	0.0000	0.0000	0.0000	0.0000	1.0000	0.0000	0.0000	0.0000	0.0000	0.0000	0.0000	0.0000	0.0000	0.0000	0.0000	0.0000	0.0000	0.0000	0.0000	0.0000	0.0000	
76	1.0000	0.0000	0.0000	0.0000	0.0000	0.0000	0.0000	0.0000	0.0000	0.0000	0.0000	0.0000	0.0000	0.0000	0.0000	0.0000	0.0000	0.0000	0.0000	0.0000	0.0000	0.0000	0.0000	0.0000	0.0000	0.0000	0.0000	0.0000	0.0000	0.0000	0.0000	0.0000	0.0000	0.0000	0.0000	0.0000	0.0000	0.0000	0.0000	0.0000	0.0000	0.0000	0.0000	0.0000	0.0000	0.0000	0.0000	0.0000	0.0000	0.0000	
77	0.0000	0.0000	0.0000	0.0000	0.0000	0.0000	0.0000	0.0000	0.0000	0.0000	0.0000	0.0000	0.0000	0.0000	0.0000	0.0000	0.0000	0.0000	0.0000	0.0000	0.0000	0.0000	0.0000	0.0000	0.0000	0.0000	0.0000	0.0000	0.0000	0.0000	0.0000	0.0000	0.0000	0.0000	0.0000	0.0000	0.0000	0.0000	0.0000	0.0000	0.0000	0.0000	0.0000	0.0000	0.0000	0.0000	0.0000	0.0000	0.0000	0.0000	
78	0.0000	0.0000	0.0000	0.0000	0.0000	0.0000	0.0000	0.0000	0.0000	0.0000	0.0000	0.0000	0.0000	1.0000	0.0000	0.0000	0.0000	0.0000	0.0000	0.0000	0.0000	0.0000	0.0000	0.0000	0.0000	0.0000	0.0000	0.0000	0.0000	0.0000	0.0000	0.0000	0.0000	0.0000	0.0000	0.0000	0.0000	0.0000	0.0000	0.0000	0.0000	0.0000	0.0000	0.0000	0.0000	0.0000	0.0000	0.0000	0.0000	0.0000	
79	0.0000	0.0000	0.0000	0.0000	0.0000	0.0000	0.0000	0.0000	0.0000	0.0000	0.0000	0.0000	0.0000	0.0000	0.0000	0.0000	0.0000	0.0000	0.0000	0.0000	0.0000	0.0000	0.0000	0.0000	0.0000	0.0000	0.0000	0.0000	0.0000	0.0000	0.0000	0.0000	0.0000	0.0000	0.0000	0.0000	0.0000	0.0000	0.0000	0.0000	0.0000	1.0000	0.0000	0.0000	0.0000	0.0000	0.0000	0.0000	0.0000	0.0000	
80	0.0000	0.0000	0.0000	0.0000	0.0000	0.0000	0.0000	0.0000	0.0000	0.0000	0.0000	0.0000	0.0000	0.0000	0.0000	0.0000	0.0000	0.0000	0.0000	0.0000	0.0000	0.0000	0.0000	0.0000	0.0000	0.0000	0.0000	0.0000	0.0000	0.0000	0.0000	0.0000	0.0000	0.0000	0.0000	0.0000	1.0000	0.0000	0.0000	0.0000	0.0000	0.0000	0.0000	0.0000	0.0000	0.0000	0.0000	0.0000	0.0000	0.0000	
81	0.0000	0.0000	0.0000	0.0000	0.0000	0.0000	0.0000	0.0000	0.0000	0.0000	0.0000	0.0000	0.0000	0.0000	0.0000	0.0000	0.0000	0.0000	0.0000	0.0000	0.0000	0.0000	0.0000	0.0000	0.0000	0.0000	0.0000	0.0000	0.0000	0.0000	0.0000	0.0000	0.0000	0.0000	0.0000	0.0000	0.0000	0.0000	0.0000	0.0000	0.0000	0.0000	0.0000	0.0000	0.0000	0.0000	0.0000	0.0000	0.0000	0.0000	
82	0.0000	0.0000	0.0000	0.0000	0.0000	0.0000	0.0000	0.0000	0.0000	0.0000	0.0000	0.0000	0.0000	0.0000	0.0000	0.0000	0.0000	0.0000	0.0000	0.0000	0.0000	0.0000	0.0000	0.0000	0.0000	0.0000	0.0000	0.0000	0.0000	0.0000	0.0000	0.0000	0.0000	0.0000	0.0000	0.0000	0.0000	0.0000	0.0000	0.0000	0.0000	0.0000	0.0000	0.0000	0.0000	0.0000	0.0000	0.0000	0.0000	0.0000	
83	0.0000	0.0000	0.0000	0.0000	0.0000	0.0000	0.0000	0.0000	0.0000	0.0000	0.0000	0.0000	0.0000	0.0000	0.0000	0.0000	0.0000	0.0000	0.0000	0.0000	0.0000	0.0000	0.0000	0.0000	0.0000	0.0000	0.0000	0.0000	0.0000	0.0000	0.0000	0.0000	0.0000	0.0000	0.0000	0.0000	0.0000	0.0000	0.0000	0.0000	0.0000	0.0000	0.0000	0.0000	0.0000	0.0000	0.0000	0.0000	0.0000	0.0000	
84	0.0000	0.0000	0.0000	0.0000	0.0000	0.0000	0.0000	0.0000	0.0000	0.0000	0.0000	0.0000	0.0000	0.0000	0.0000	0.0000	0.0000	0.0000	0.0000	0.0000	0.0000	0.0000	0.0000	0.0000	0.0000	0.0000	0.0000	0.0000	0.0000	0.0000	0.0000	0.0000	0.0000	0.0000	0.0000	0.0000	0.0000	0.0000	0.0000	0.0000	0.0000	0.0000	0.0000	0.0000	0.0000	0.0000	0.0000	0.0000	0.0000	0.0000	
85	0.0000	0.0000	0.0000	0.0000	0.0000	0.0000	0.0000	0.0000	0.0000	0.0000	0.0000	0.0000	0.0000	0.0000	0.0000	0.0000	0.0000	0.0000	0.0000	0.0000	0.0000	0.0000	0.0000	0.0000	0.0000	0.0000	0.0000	0.0000	0.0000	0.0000	0.0000	0.0000	0.0000	0.0000	0.0000	0.0000	0.0000	0.0000	0.0000	1.0000	0.0000	0.0000	0.0000	0.0000	0.0000	0.0000	0.0000	0.0000	0.0000	0.0000	
86	0.0000	0.0000	0.0000	0.0000	0.0000	0.0000	0.0000	0.0000	0.0000	0.0000	0.0000	0.0000	0.0000	0.0000	0.0000	0.0000	0.0000	0.0000	0.0000	0.0000	0.0000	0.0000	0.0000	0.0000	0.0000	0.0000	0.0000	0.0000	0.0000	0.0000	0.0000	0.0000	0.0000	0.0000	1.0000	0.0000	0.0000	0.0000	0.0000	0.0000	0.0000	0.0000	0.0000	0.0000	0.0000	0.0000	0.0000	0.0000	0.0000	0.0000	
87	0.0000	0.0000	0.0000	0.0000	0.0000	0.0000	0.0000	0.0000	0.0000	0.0000	0.0000	0.0000	0.0000	0.0000	0.0000	0.0000	0.0000	0.0000	0.0000	0.0000	0.0000	0.0000	0.0000	0.0000	0.0000	0.0000	0.0000	0.0000	0.0000	0.0000	0.0000	0.0000	0.0000	0.0000	0.0000	0.0000	0.0000	0.0000	0.0000	0.0000	0.0000	0.0000	0.0000	0.0000	1.0000	0.0000	0.0000	1.0000	0.0000	0.0000	
88	0.0000	0.0000	0.0000	0.0000	0.0000	0.0000	0.0000	0.0000	0.0000	0.0000	0.0000	0.0000	0.0000	0.0000	0.0000	0.0000	0.0000	0.0000	0.0000	0.0000	0.0000	0.0000	0.0000	0.0000	0.0000	0.0000	1.0000	0.0000	0.0000	0.0000	0.0000	0.0000	0.0000	0.0000	0.0000	0.0000	0.0000	0.0000	0.0000	0.0000	0.0000	0.0000	0.0000	0.0000	0.0000	0.0000	0.0000	0.0000	0.0000	0.0000	
89	0.0000	0.0000	0.0000	0.0000	0.0000	0.0000	0.0000	0.0000	0.0000	0.0000	0.0000	0.0000	0.0000	0.0000	0.0000	0.0000	0.0000	0.0000	0.0000	0.0000	0.0000	0.0000	1.0000	0.0000	0.0000	0.0000	0.0000	0.0000	0.0000	0.0000	0.0000	0.0000	0.0000	0.0000	0.0000	0.0000	0.0000	0.0000	0.0000	0.0000	0.0000	0.0000	0.0000	0.0000	0.0000	0.0000	0.0000	0.0000	0.0000	0.0000	
90	0.0000	0.0000	0.0000	0.0000	0.0000	0.0000	0.0000	0.0000	0.0000	0.0000	0.0000	0.0000	0.0000	0.0000	0.0000	0.0000	0.0000	0.0000	0.0000	0.0000	0.0000	0.0000	0.0000	0.0000	0.0000	0.0000	0.0000	0.0000	0.0000	0.0000	0.0000	0.0000	0.0000	0.0000	0.0000	0.0000	0.0000	0.0000	0.0000	0.0000	0.0000	0.0000	0.0000	0.0000	0.0000	0.0000	0.0000	0.0000	0.0000	0.0000	
91	0.0000	0.0000	0.0000	0.0000	0.0000	0.0000	0.0000	0.0000	0.0000	0.0000	0.0000	0.0000	0.0000	0.0000	0.0000	0.0000	0.0000	0.0000	0.0000	0.0000	0.0000	1.0000	0.0000	0.0000	0.0000	0.0000	0.0000	0.0000	0.0000	0.0000	0.0000	0.0000	0.0000	0.0000	0.0000	0.0000	0.0000	0.0000	0.0000	0.0000	0.0000	0.0000	0.0000	0.0000	0.0000	0.0000	0.0000	0.0000	0.0000	0.0000	
92	0.0000	0.0000	0.0000	0.0000	0.0000	0.0000	0.0000	0.0000	0.0000	0.0000	0.0000	0.0000	0.0000	0.0000	0.0000	0.0000	0.0000	0.0000	0.0000	0.0000	0.0000	0.0000	0.0000	0.0000	0.0000	0.0000	0.0000	0.0000	0.0000	0.0000	0.0000	0.0000	0.0000	0.0000	0.0000	0.0000	0.0000	0.0000	0.0000	0.0000	0.0000	0.0000	0.0000	0.0000	0.0000	0.0000	0.0000	0.0000	0.0000	0.0000	
93	0.0000	0.0000	0.0000	0.0000	0.0000	0.0000	0.0000	0.0000	0.0000	0.0000	0.0000	0.0000	0.0000	0.0000	0.0000	0.0000	0.0000	0.0000	0.0000	0.0000	1.0000	0.0000	0.0000	0.0000	0.0000	0.0000	0.0000	0.0000	0.0000	0.0000	0.0000	0.0000	0.0000	0.0000	0.0000	0.0000	0.0000	0.0000	0.0000	0.0000	0.0000	0.0000	0.0000	0.0000	0.0000	0.0000	0.0000	0.0000	0.0000	0.0000	
94	0.0000	0.0000	0.0000	0.0000	0.0000	0.0000	0.0000	0.0000	0.0000	0.0000	0.0000	0.0000	0.0000	0.0000	0.0000	0.0000	0.0000	0.0000	0.0000	0.0000	0.0000	0.0000	0.0000	1.0000	0.0000	0.0000	0.0000	0.0000	0.0000	0.0000	0.0000	0.0000	0.0000	0.0000	0.0000	0.0000	0.0000	0.0000	1.0000	0.0000	0.0000	0.0000	0.0000	0.0000	0.0000	0.0000	0.0000	0.0000	0.0000	0.0000	
95	0.0000	0.0000	0.0000	0.0000	0.0000	0.0000	0.0000	0.0000	0.0000	0.0000	0.0000	0.0000	0.0000	0.0000	0.0000	0.0000	0.0000	0.0000	0.0000	0.0000	0.0000	0.0000	0.0000	0.0000	0.0000	0.0000	0.0000	0.0000	0.0000	0.0000	0.0000	0.0000	0.0000	0.0000	0.0000	0.0000	0.0000	0.0000	0.0000	0.0000	0.0000	0.0000	0.0000	0.0000	0.0000	0.0000	0.0000	0.0000	0.0000	0.0000	
96	0.0000	0.0000	0.0000	0.0000	0.0000	0.0000	0.0000	0.0000	0.0000	0.0000	0.0000	0.0000	1.0000	0.0000	0.0000	0.0000	0.0000	0.0000	0.0000	0.0000	0.0000	0.0000	0.0000	0.0000	0.0000	0.0000	0.0000	0.0000	0.0000	0.0000	0.0000	0.0000	0.0000	0.0000	0.0000	0.0000	0.0000	0.0000	0.0000	0.0000	0.0000	0.0000	0.0000	0.0000	0.0000	1.0000	0.0000	0.0000	0.0000	0.0000	
97	0.0000	0.0000	0.0000	0.0000	0.0000	0.0000	0.0000	0.0000	0.0000	0.0000	0.0000	0.0000	0.0000	0.0000	0.0000	0.0000	0.0000	0.0000	0.0000	0.0000	0.0000	0.0000	0.0000	0.0000	0.0000	0.0000	0.0000	0.0000	0.0000	0.0000	0.0000	0.0000	0.0000	0.0000	0.0000	0.0000	0.0000	0.0000	0.0000	0.0000	0.0000	0.0000	0.0000	1.0000	0.0000	0.0000	0.0000	0.0000	0.0000	0.0000	
98	0.0000	0.0000	0.0000	0.0000	0.0000	0.0000	0.0000	0.0000	0.0000	0.0000	0.0000	0.0000	0.0000	0.0000	0.0000	0.0000	0.0000	0.0000	0.0000	0.0000	0.0000	0.0000	0.0000	0.0000	0.0000	0.0000	0.0000	0.0000	0.0000	0.0000	0.0000	0.0000	0.0000	0.0000	0.0000	1.0000	0.0000	0.0000	0.0000	0.0000	0.0000	0.0000	0.0000	0.0000	0.0000	0.0000	0.0000	0.0000	0.0000	0.0000	
99	0.0000	0.0000	0.0000	0.0000	0.0000	0.0000	0.0000	0.0000	0.0000	0.0000	0.0000	0.0000	0.0000	0.0000	0.0000	0.0000	0.0000	0.0000	0.0000	0.0000	0.0000	0.0000	0.0000	0.0000	0.0000	0.0000	0.0000	0.0000	0.0000	0.0000	0.0000	0.0000	0.0000	0.0000	0.0000	0.0000	0.0000	0.0000	0.0000	0.0000	0.0000	0.0000	0.0000	0.0000	0.0000	0.0000	0.0000	0.0000	0.0000	1.0000	
100	0.0000	0.0000	0.0000	0.0000	0.0000	0.0000	0.0000	0.0000	0.0000	0.0000	0.0000	0.0000	0.0000	0.0000	0.0000	0.0000	0.0000	1.0000	0.0000	0.0000	0.0000	0.0000	0.0000	0.0000	0.0000	0.0000	0.0000	0.0000	0.0000	0.0000	0.0000	0.0000	0.0000	0.0000	0.0000	0.0000	0.0000	0.0000	0.0000	0.0000	0.0000	0.0000	0.0000	0.0000	0.0000	0.0000	0.0000	0.0000	0.0000	0.0000	
101	0.0000	0.0000	0.0000	0.0000	0.0000	0.0000	0.0000	0.0000	0.0000	0.0000	0.0000	0.0000	0.0000	0.0000	0.0000	0.0000	0.0000	0.0000	0.0000	0.0000	0.0000	0.0000	0.0000	0.0000	0.0000	0.0000	0.0000	0.0000	0.0000	0.0000	0.0000	0.0000	0.0000	0.0000	0.0000	0.0000	0.0000	0.0000	0.0000	0.0000	1.0000	0.0000	0.0000	0.0000	0.0000	0.0000	1.0000	0.0000	1.0000	0.0000	
102	0.0000	0.0000	0.0000	0.0000	0.0000	1.0000	0.0000	0.0000	0.0000	0.0000	0.0000	0.0000	0.0000	0.0000	0.0000	0.0000	0.0000	0.0000	0.0000	0.0000	0.0000	0.0000	0.0000	0.0000	0.0000	0.0000	0.0000	0.0000	0.0000	0.0000	0.0000	0.0000	0.0000	0.0000	0.0000	0.0000	0.0000	0.0000	0.0000	0.0000	0.0000	0.0000	0.0000	0.0000	0.0000	0.0000	0.0000	0.0000	0.0000	0.0000	
103	0.0000	0.0000	0.0000	0.0000	0.0000	0.0000	0.0000	0.0000	0.0000	0.0000	0.0000	0.0000	0.0000	0.0000	0.0000	0.0000	0.0000	0.0000	0.0000	0.0000	0.0000	0.0000	0.0000	0.0000	0.0000	0.0000	0.0000	1.0000	0.0000	0.0000	0.0000	0.0000	0.0000	0.0000	0.0000	0.0000	0.0000	0.0000	0.0000	0.0000	0.0000	0.0000	0.0000	0.0000	0.0000	0.0000	0.0000	0.0000	0.0000	0.0000	
104	0.0000	0.0000	0.0000	0.0000	0.0000	0.0000	0.0000	0.0000	1.0000	0.0000	0.0000	0.0000	0.0000	0.0000	0.0000	0.0000	0.0000	0.0000	0.0000	0.0000	0.0000	0.0000	0.0000	0.0000	0.0000	0.0000	0.0000	0.0000	0.0000	0.0000	0.0000	0.0000	0.0000	0.0000	0.0000	0.0000	0.0000	0.0000	0.0000	0.0000	0.0000	0.0000	0.0000	0.0000	0.0000	0.0000	0.0000	0.0000	0.0000	0.0000	
105	0.0000	0.0000	0.0000	0.0000	0.0000	0.0000	0.0000	0.0000	0.0000	0.0000	0.0000	0.0000	0.0000	0.0000	0.0000	0.0000	0.0000	0.0000	0.0000	0.0000	0.0000	0.0000	0.0000	0.0000	0.0000	0.0000	0.0000	0.0000	0.0000	0.0000	0.0000	0.0000	0.0000	0.0000	0.0000	0.0000	0.0000	0.0000	0.0000	0.0000	0.0000	0.0000	0.0000	0.0000	0.0000	0.0000	0.0000	0.0000	0.0000	0.0000	
106	0.0000	0.0000	0.0000	0.0000	0.0000	0.0000	0.0000	0.0000	0.0000	0.0000	0.0000	0.0000	0.0000	0.0000	0.0000	0.0000	0.0000	0.0000	0.0000	0.0000	0.0000	0.0000	0.0000	0.0000	0.0000	0.0000	0.0000	0.0000	0.0000	0.0000	0.0000	0.0000	0.0000	0.0000	0.0000	0.0000	0.0000	0.0000	0.0000	0.0000	0.0000	0.0000	0.0000	0.0000	0.0000	0.0000	0.0000	0.0000	0.0000	0.0000	
107	0.0000	0.0000	0.0000	0.0000	0.0000	0.0000	0.0000	0.0000	0.0000	0.0000	0.0000	0.0000	0.0000	0.0000	0.0000	0.0000	0.0000	0.0000	0.0000	1.0000	0.0000	0.0000	0.0000	0.0000	0.0000	0.0000	0.0000	0.0000	0.0000	0.0000	0.0000	0.0000	0.0000	0.0000	0.0000	0.0000	0.0000	0.0000	0.0000	0.0000	0.0000	0.0000	0.0000	0.0000	0.0000	0.0000	0.0000	0.0000	0.0000	0.0000	
108	0.0000	0.0000	0.0000	0.0000	0.0000	0.0000	0.0000	0.0000	0.0000	0.0000	0.0000	0.0000	0.0000	0.0000	0.0000	1.0000	0.0000	0.0000	0.0000	0.0000	0.0000	0.0000	0.0000	0.0000	0.0000	0.0000	0.0000	0.0000	0.0000	0.0000	0.0000	0.0000	0.0000	0.0000	0.0000	0.0000	0.0000	0.0000	0.0000	0.0000	0.0000	0.0000	0.0000	0.0000	0.0000	0.0000	0.0000	0.0000	0.0000	0.0000	
109	0.0000	0.0000	0.0000	0.0000	0.0000	0.0000	0.0000	0.0000	0.0000	0.0000	0.0000	0.0000	0.0000	0.0000	0.0000	0.0000	1.0000	0.0000	0.0000	0.0000	0.0000	0.0000	0.0000	0.0000	0.0000	0.0000	0.0000	0.0000	0.0000	0.0000	0.0000	0.0000	0.0000	0.0000	0.0000	0.0000	0.0000	0.0000	0.0000	0.0000	0.0000	0.0000	0.0000	0.0000	0.0000	0.0000	0.0000	0.0000	0.0000	0.0000	
110	0.0000	0.0000	0.0000	0.0000	0.0000	0.0000	0.0000	0.0000	0.0000	0.0000	0.0000	0.0000	0.0000	0.0000	0.0000	0.0000	0.0000	0.0000	0.0000	0.0000	0.0000	0.0000	0.0000	0.0000	0.0000	0.0000	0.0000	0.0000	0.0000	0.0000	0.0000	0.0000	0.0000	0.0000	0.0000	0.0000	0.0000	0.0000	0.0000	0.0000	0.0000	0.0000	0.0000	0.0000	0.0000	0.0000	0.0000	0.0000	0.0000	0.0000	
111	0.0000	0.0000	0.0000	0.0000	0.0000	0.0000	0.0000	0.0000	0.0000	0.0000	0.0000	0.0000	0.0000	0.0000	0.0000	0.0000	0.0000	0.0000	0.0000	0.0000	0.0000	0.0000	0.0000	0.0000	0.0000	0.0000	0.0000	0.0000	0.0000	1.0000	0.0000	1.0000	0.0000	0.0000	0.0000	0.0000	0.0000	0.0000	0.0000	0.0000	0.0000	0.0000	0.0000	0.0000	0.0000	0.0000	0.0000	0.0000	0.0000	0.0000	
112	0.0000	0.0000	0.0000	0.0000	0.0000	0.0000	0.0000	0.0000	0.0000	0.0000	0.0000	0.0000	0.0000	0.0000	0.0000	0.0000	0.0000	0.0000	1.0000	0.0000	0.0000	0.0000	0.0000	0.0000	0.0000	0.0000	0.0000	0.0000	0.0000	0.0000	0.0000	0.0000	1.0000	0.0000	0.0000	0.0000	0.0000	0.0000	0.0000	0.0000	0.0000	0.0000	0.0000	0.0000	0.0000	0.0000	0.0000	0.0000	0.0000	0.0000	
113	0.0000	0.0000	0.0000	0.0000	0.0000	0.0000	0.0000	0.0000	0.0000	0.0000	0.0000	0.0000	0.0000	0.0000	0.0000	0.0000	0.0000	0.0000	0.0000	0.0000	0.0000	0.0000	0.0000	0.0000	0.0000	0.0000	0.0000	0.0000	0.0000	0.0000	0.0000	0.0000	0.0000	0.0000	0.0000	0.0000	0.0000	0.0000	0.0000	0.0000	0.0000	0.0000	0.0000	0.0000	0.0000	0.0000	0.0000	0.0000	0.0000	0.0000	
114	0.0000	0.0000	0.0000	0.0000	0.0000	0.0000	0.0000	0.0000	0.0000	0.0000	0.0000	0.0000	0.0000	0.0000	0.0000	0.0000	0.0000	0.0000	0.0000	0.0000	0.0000	0.0000	0.0000	0.0000	1.0000	0.0000	0.0000	0.0000	0.0000	0.0000	0.0000	0.0000	0.0000	0.0000	0.0000	0.0000	0.0000	0.0000	0.0000	0.0000	0.0000	0.0000	0.0000	0.0000	0.0000	0.0000	0.0000	0.0000	0.0000	0.0000	
115	0.0000	0.0000	1.0000	0.0000	0.0000	0.0000	0.0000	0.0000	0.0000	0.0000	0.0000	0.0000	0.0000	0.0000	0.0000	0.0000	0.0000	0.0000	0.0000	0.0000	0.0000	0.0000	0.0000	0.0000	0.0000	0.0000	0.0000	0.0000	0.0000	0.0000	0.0000	0.0000	0.0000	0.0000	0.0000	0.0000	0.0000	0.0000	0.0000	0.0000	0.0000	0.0000	0.0000	0.0000	0.0000	0.0000	0.0000	0.0000	0.0000	0.0000	
116	0.0000	0.0000	0.0000	0.0000	0.0000	0.0000	0.0000	0.0000	0.0000	0.0000	0.0000	0.0000	0.0000	0.0000	0.0000	0.0000	0.0000	0.0000	0.0000	0.0000	0.0000	0.0000	0.0000	0.0000	0.0000	0.0000	0.0000	0.0000	0.0000	0.0000	0.0000	0.0000	0.0000	0.0000	0.0000	0.0000	0.0000	0.0000	0.0000	0.0000	0.0000	0.0000	0.0000	0.0000	0.0000	0.0000	0.0000	0.0000	0.0000	0.0000	
117	0.0000	0.0000	0.0000	0.0000	0.0000	0.0000	0.0000	0.0000	0.0000	0.0000	0.0000	0.0000	0.0000	0.0000	0.0000	0.0000	0.0000	0.0000	0.0000	0.0000	0.0000	0.0000	0.0000	0.0000	0.0000	0.0000	0.0000	0.0000	0.0000	0.0000	0.0000	0.0000	0.0000	0.0000	0.0000	0.0000	0.0000	0.0000	0.0000	0.0000	0.0000	0.0000	0.0000	0.0000	0.0000	0.0000	0.0000	0.0000	0.0000	0.0000	
118	0.0000	1.0000	0.0000	0.0000	0.0000	0.0000	0.0000	0.0000	0.0000	0.0000	0.0000	0.0000	0.0000	0.0000	0.0000	0.0000	0.0000	0.0000	0.0000	0.0000	0.0000	0.0000	0.0000	0.0000	0.0000	0.0000	0.0000	0.0000	0.0000	0.0000	0.0000	0.0000	0.0000	0.0000	0.0000	0.0000	0.0000	0.0000	0.0000	0.0000	0.0000	0.0000	0.0000	0.0000	0.0000	0.0000	0.0000	0.0000	0.0000	0.0000	
119	0.0000	0.0000	0.0000	0.0000	0.0000	0.0000	0.0000	0.0000	0.0000	0.0000	0.0000	0.0000	0.0000	0.0000	0.0000	0.0000	0.0000	0.0000	0.0000	0.0000	0.0000	0.0000	0.0000	0.0000	0.0000	0.0000	0.0000	0.0000	0.0000	0.0000	0.0000	0.0000	0.0000	0.0000	0.0000	0.0000	0.0000	0.0000	0.0000	0.0000	0.0000	0.0000	0.0000	0.0000	0.0000	0.0000	0.0000	0.0000	0.0000	0.0000	
120	0.0000	0.0000	0.0000	0.0000	0.0000	0.0000	0.0000	0.0000	0.0000	0.0000	0.0000	0.0000	0.0000	0.0000	0.0000	0.0000	0.0000	0.0000	0.0000	0.0000	0.0000	0.0000	0.0000	0.0000	0.0000	0.0000	0.0000	0.0000	0.0000	0.0000	0.0000	0.0000	0.0000	0.0000	0.0000	0.0000	0.0000	0.0000	0.0000	0.0000	0.0000	0.0000	0.0000	0.0000	0.0000	0.0000	0.0000	0.0000	0.0000	0.0000	
;
